,0,1,2,3,4,5,6,7,8,9,10,11,12,13,14,15,16,17,18,19,20,21,22,23,24,25,26,27,28,29,30,31,32,33,34,35,36,37,38,39,40,41,42,43,44,45,46,47,48,49,50,51,52,53,54,55,56,57,58,59
0,0.0,6.881019236087128e-05,8.807871500735515e-05,8.717937016320194e-05,9.725919065078544e-05,0.0001388893898334807,8.077820831703533e-05,0.00010088493684551752,8.724689519652162e-05,9.649339941741982e-05,5.815208771322452e-05,6.358017260153601e-05,6.775981004393731e-05,0.00013746197135043215,6.280276046175093e-05,8.980963249094576e-05,0.00010992554748892314,0.00011240786544977028,0.00013356155893483334,9.075575267641204e-05,0.00016552807139667359,8.55608812698111e-05,0.00014434955506696735,0.00014944695970894203,8.343322382032752e-05,0.00010323426159297586,8.530776185327578e-05,0.00011849845343847137,0.00014899062413552055,0.00021039028861311843,6.361753544671902e-05,0.00013232793686937072,0.00011514616361493761,0.00016603639289074974,9.379202977853891e-05,0.00010902644674786334,6.722907043198013e-05,9.063939210240658e-05,0.00011912426868811807,0.00016758944252871668,0.00015268211471595536,0.00014214200089634417,0.00011811770059580952,0.00013030368707782025,0.00014427960300196832,0.00010438214267948909,0.00010627970316205394,0.00011483174728299389,9.054318494918869e-05,0.00012411579544849673,0.000127077051868116,0.00011983308931992471,0.00013055203567771136,0.00013089871838894553,8.217257244633888e-05,0.00012573933731503317,0.00016752061266412624,8.900159840949842e-05,0.00014495642242159508,0.0001532482879574519
1,0.00011039471617163262,0.0,0.00015977912702152403,0.0002072184938932868,0.00011389676326456509,0.0001333514112198999,8.219367362577894e-05,0.00011381868892986277,0.00012678559458910273,0.00016408100779459679,6.564010010940985e-05,7.028223896786515e-05,7.093822948347151e-05,0.0001260216968728561,6.105622822634777e-05,0.00011100549058230306,8.026076428268234e-05,9.817628267897e-05,0.00015315942442536314,0.00010683281562001701,8.766863708054339e-05,9.01832178389834e-05,0.00014225813382594453,7.772706872158526e-05,9.141243306041774e-05,0.00011336762089001508,0.00012565659976233946,0.00012982796885819056,0.00014229897232806288,9.613334782194867e-05,5.31571311270948e-05,7.439301116475649e-05,0.0001434938765524718,5.927561947431883e-05,7.754339303276977e-05,0.00020330017173287267,7.322125702982885e-05,0.00019033977136089143,8.21055084028491e-05,6.333385000941492e-05,0.00010805133716070426,0.00014035272254225937,0.00012470592827176262,9.136353607022297e-05,9.873813546002665e-05,6.311090726263009e-05,0.00010973613945502417,0.0002166225085593221,0.00015572333187877297,5.3132337141314756e-05,0.000101943565260941,0.0001266819233791004,0.00010336130910587156,8.738543489420163e-05,0.00010848408300697463,0.00012379749312257376,0.00018839568034136422,0.00015056194589093335,0.0001489399436652341,0.0001364385146229281
2,6.65895905194134e-05,9.696578745575051e-05,0.0,0.0001394649198381552,7.663303449786195e-05,0.0001717573494108522,0.00011208682036561563,0.00013374413145674565,0.00018292020203384307,0.0001147751774230933,0.00011859567466881586,7.314354402655209e-05,0.00010086472298789891,7.772820277414376e-05,7.674230996003825e-05,0.00012764725712271813,0.0001656537499936212,7.289526649536713e-05,0.0001201442118061186,8.93045358979246e-05,0.00015102322315469082,0.00016714201370543466,9.016434599145849e-05,0.00010048725911201523,0.00014416141252986752,0.00011119093444481746,0.0001318598216213953,0.0001233401791470179,8.456722610790943e-05,0.00012415534381480912,0.00012554803810913825,6.83735003338471e-05,6.843453643051037e-05,0.00014807291321634975,0.00011152787581383075,9.098859599042062e-05,0.00016598394352554928,8.845927696288085e-05,0.00023553841071848432,0.00010012390964095138,0.00012189758066867708,7.832508889682768e-05,6.910444880843576e-05,0.0001088048970322737,0.00012757376784370528,7.740271640120045e-05,0.00010802275526410792,0.00013728254938322318,0.00018999641745623733,0.00013438621662625175,8.07289002371893e-05,0.00010684515401830844,7.787760903125373e-05,8.980662346884225e-05,7.326392655355539e-05,0.00010981133811862745,0.00010543679546173287,9.905933127758211e-05,0.00018508572184511255,0.0001617140344341246
3,0.00010169290271638624,0.00015017830841261668,0.0001072013629576227,0.0,0.00011232456981888582,0.00017261389374371013,0.00015481854212217057,0.0002524659240905231,0.00011917492035212156,0.00012941074262288058,0.00010718108724246675,0.00015033954591727082,7.519953788371071e-05,0.0001632071091453388,9.594291191291215e-05,8.869304785803196e-05,7.592841445148413e-05,0.00010232776818788185,0.00017676779585668148,0.0001254092306537047,0.00015570922627920435,0.00012422377482832446,9.977475281858187e-05,8.697206099836727e-05,0.00014425687191988487,0.00010555407438604558,8.245333303479037e-05,0.00010397463147963207,0.00011852153033634172,9.353989680336287e-05,7.17455927730596e-05,0.00010051565140087123,9.762208334301991e-05,8.018240253107057e-05,7.637522435253822e-05,0.000106580893365263,6.797350242548188e-05,9.562531201216946e-05,0.00013436199747953348,0.00018700538292050627,0.000110916264872559,0.00010805427356090531,0.00017185910486292245,8.160182930103632e-05,6.163135485738941e-05,0.00010240089538147257,0.00010553841451526196,9.703098265299346e-05,0.00016681283165559228,0.00011974759741118652,0.0001494843298309871,8.253998085198477e-05,0.000140823491617805,0.00012132142086026913,0.00014025276942461812,7.530588014181125e-05,8.415225699915693e-05,0.00010989046785556254,0.00013237995799681657,0.00010644451941486057
4,0.00018037328548186853,0.0001013581061177146,0.00023902619130015756,0.0001978753099373602,0.0,0.00015016769925363765,0.00012360520581115416,0.00011496202431658957,9.005693901248453e-05,0.000122689157514944,8.393841216801182e-05,0.00010115808744856655,4.7401855736357916e-05,7.100824704579723e-05,8.36259409845859e-05,9.297267392327269e-05,0.00017003217728440496,0.00012348343545064274,8.001384329702803e-05,0.00010131079910992861,7.074497352314354e-05,0.00010979265064250683,0.00010478955942426696,0.00010456385817719278,0.0001858580377976364,8.231278384730459e-05,0.0002176944476809193,8.709560861125848e-05,7.779250714278621e-05,0.00021843709343462176,5.713953326789249e-05,8.965249119655656e-05,6.281959419082768e-05,0.000108200372324598,7.536653511570839e-05,0.0001562705588892026,7.995022822507379e-05,0.00013229432515868432,0.00016492359897685667,7.402888512412763e-05,0.00016331258891730266,0.00014770453613682148,0.00012594415950498668,7.178947922701589e-05,0.00010856760515076216,0.00010169263899951177,7.49662932242247e-05,0.0001594380897205442,0.00010665316384779644,6.024911181159831e-05,0.00016342611319823374,8.27056224329822e-05,0.00010907189207675256,0.00012055331781798826,9.99883693481979e-05,0.00010969247131176642,0.00011175831635318346,0.00010399623026859933,0.00014103883411019347,0.000177716293098794
5,0.00011745794436801494,0.00016377876191992372,8.884175046232928e-05,0.00012077269763206345,9.487896678483324e-05,0.0,9.882209546958551e-05,0.00019335555194500945,0.0001395959197394881,9.897504097599482e-05,6.900733391783457e-05,6.77445047924235e-05,0.00011133876995847977,9.188872361027744e-05,8.352475005197738e-05,0.00010183168945757817,0.00012569283470398874,0.00016732280014906614,9.415061479335106e-05,0.0001374997142400087,9.292712719306114e-05,9.827883336388903e-05,6.88166465580163e-05,6.881490773961695e-05,0.00013785773946281064,0.00012711412700855794,7.776853297913173e-05,0.00016430315590137463,0.00012107563745972575,6.478193747584351e-05,8.247416002189645e-05,0.00013131555403172077,7.943461339488594e-05,0.00016438619813948643,9.097075503531879e-05,0.00014803255882046165,5.8269486637771266e-05,0.00012705824942775332,7.835436018251108e-05,0.0001684809960365934,0.00017730008000024945,0.00014531614617800556,0.00010240829494867257,0.00015485712745035715,0.00011457570352495804,0.00012297826056743486,0.00021566447779023564,0.00014071178886518394,0.00011619866605487071,8.217220637755673e-05,0.00021094210464278878,0.0001682346126878435,0.00013965576315679994,0.00012455268324459854,0.0001357197313132284,0.00015080495233156822,9.76311216741849e-05,7.981885093604065e-05,9.925562874686815e-05,0.00012701748120086748
6,0.00012606035770695574,0.00013943908869122127,0.00010885786815893875,7.394362374334642e-05,0.0002446377235498911,9.992060209019403e-05,0.0,0.0001740016672042027,0.00021467372029044545,0.00017244247702176524,0.00019596866533113817,0.00012103575625010294,8.175245661142044e-05,8.681912488919859e-05,7.142971760682609e-05,0.00013629476136717625,5.7554252821348565e-05,0.00014228191726046413,6.682567259531344e-05,8.17330124284485e-05,7.034349658724889e-05,0.000174639260492328,7.048252800825406e-05,8.190955526706297e-05,8.453932268356305e-05,0.00010705535675891702,0.00015739156737495905,0.00012393097255970658,9.70613465777723e-05,9.057234150598839e-05,8.602074045948268e-05,8.923838973978241e-05,9.312279173372689e-05,8.719750010151504e-05,6.546928907934651e-05,0.00012811479680123543,0.00010315327293878437,0.0001279089584041655,0.0001456222091489814,0.0001200214113034158,0.00013244454847523776,0.00011701072529561586,7.269220017746911e-05,5.8396344659778644e-05,6.630351169647056e-05,0.000113385613711944,0.00011070593791474792,7.627448021068644e-05,0.00014959730583385207,9.73171927306219e-05,0.00010158799657146007,0.00015752525767232827,0.00015855786971810294,0.00012177274502915885,0.0001172758730504569,0.0001035877149149147,0.00013175833147622583,0.00010010528385025579,0.0001362969004022454,8.752189361265717e-05
7,0.00013648061873521754,8.64040719058391e-05,0.00014410795364848614,0.00019672100842089754,0.00012228949301195085,0.00011630925602158875,0.0001593500760638075,0.0,0.00016244461629794286,0.00031851823896052775,7.321121358666477e-05,0.00012021045504707203,0.00010413461850613014,9.088866751208216e-05,7.860359743419075e-05,0.00014635898702278956,7.002951787853556e-05,9.506128816249081e-05,0.00014051505441285792,0.00011413952640061532,0.00019144329268911612,0.00010211993419565806,0.000174032803102141,8.971451623748471e-05,0.00018592090147426547,8.845449498982568e-05,0.000115190999974196,6.800543049153044e-05,0.0001329321381747456,8.758702955859181e-05,7.67923144304529e-05,9.984031141836541e-05,0.00013047280228793693,0.00011438791809168484,0.00014588631659407958,0.00010602965675772165,0.00015330162653749281,0.00014852982313194891,9.996390540116357e-05,8.280022201139788e-05,0.0002517889580078251,9.879412241558681e-05,0.00011877626703900904,0.00015813160642728214,6.709789593694487e-05,6.815131508722849e-05,0.00010919441183835477,0.00010733938054457474,9.091864884028174e-05,8.740636723502922e-05,7.570354843984802e-05,8.669452061856349e-05,0.00011406040908041185,0.00010153864812087318,7.865383007403366e-05,8.67287579715796e-05,0.00015163359849919546,0.00011003790503228348,0.0001279176712685416,8.131578072274186e-05
8,0.00014701769480983143,0.00010373320234030763,9.638273345375413e-05,0.0001384041385081821,8.829447195755164e-05,9.45593327724176e-05,9.348078161313671e-05,0.00013304518735160584,0.0,0.00011145642674805398,0.00010915363571230887,8.894477608172085e-05,0.00016747417514125542,9.468401568930728e-05,0.00010222167918512083,0.00012147924593552426,0.0001141999972106879,8.881805579604826e-05,0.00011378377614370531,0.00010530537956134063,9.714184058713595e-05,8.721289214387348e-05,0.00013759272215089967,0.00010014959838450275,0.00016080589808399246,9.885952363167911e-05,0.00012093439674841193,0.0001299241357556476,7.615885234584137e-05,9.744029878959753e-05,0.00010967503013369488,0.0001754283964826528,0.00012294099449227581,0.0001286370251722592,6.377635919705987e-05,0.00013027633706347118,7.168673615135489e-05,7.670447231377631e-05,0.00017371318512291896,0.00010726998210550874,8.163405802591148e-05,0.00015943878959163025,0.000111561897099427,0.00017739477680717521,0.00012928912822599266,7.253273506883995e-05,0.00010894821375176392,6.993772412291887e-05,0.00014606971194307622,0.0001439797436116867,9.518469450495934e-05,0.00011669995245495281,0.00016730234618540478,0.00019394120782710187,0.00012096131583671031,0.00011971439364179117,0.00012984666128584626,7.628887246437304e-05,0.0001540674481816207,0.00010374075144329677
9,0.0001526847051576977,0.00012234547019822806,0.00010619838548475424,0.00014862064863753937,0.00010051512932866142,0.00011927526717182985,9.881846998705642e-05,0.0001565419941805736,0.00010633910666346887,0.0,0.00012508804992825872,8.651524161226789e-05,9.701770815090018e-05,0.0001271625090792242,0.00010002963593991698,0.000187210449011401,0.00011933059306131228,8.368716258570595e-05,0.0001240591120642159,0.00012158541172373718,0.00013004197726962092,7.223544773923246e-05,0.0001604012687673635,0.00015429060465420807,8.779024371127433e-05,0.0001276019710635201,0.00014572366682385826,0.00013917675334731272,6.801656769645416e-05,0.0001058172911648835,8.927346999654594e-05,0.0001921481945516448,8.747408222851094e-05,0.00010219178227148725,7.108403641529294e-05,0.00016195013208803924,0.00016561220707981113,0.00012722196071589457,0.0001387667561398653,0.0001202974406972914,0.00015894065584215765,0.0001511649121668324,0.0001802501810341052,0.00013856923697833136,8.700240505062106e-05,9.33956160469513e-05,0.000189847790379471,0.00010009857430145173,0.00017759816440221317,0.00012813851206154166,0.0002204457648821615,8.596277656985462e-05,0.00011589184794548435,0.00017722555686795063,7.861758333016025e-05,8.075985263410735e-05,8.019143169957141e-05,0.0001114335721885251,0.00015382808880174122,0.0001968022333548993
10,0.00013457561163504107,0.00014296308007585954,8.290028243417492e-05,0.00011289170200409738,7.619306712966803e-05,7.587723266236532e-05,0.00013195521714611858,8.880101852069381e-05,8.277862507210248e-05,0.00013342500938359596,0.0,9.858060965828377e-05,0.00010357403273888698,6.597031584897468e-05,0.00013054869836827017,6.328528764906031e-05,0.00014875524855237633,0.000132493223196844,0.00010330360377764395,0.00010126609581743161,8.872723729813192e-05,0.00011392106261573197,0.00014035383594938409,0.00012591043306471461,0.00010181761520323108,6.73136552883009e-05,0.00013354418377577154,0.00016882344967983747,7.163132752177545e-05,7.533905610546212e-05,6.501857408018333e-05,0.00017107565762732057,0.00017613572943877252,6.844978744823544e-05,8.120640520759283e-05,0.0001457552912532323,6.69120597238033e-05,0.00011269571065978413,0.00010534219651619158,0.00011770382449817506,8.007451423987762e-05,8.759358508952208e-05,0.00011381693603797034,6.0342747070344287e-05,8.671368677538857e-05,9.906748234246528e-05,9.696074175602182e-05,0.0001451537183626023,0.00012654759846378324,7.938613585598133e-05,0.00010520228306533272,0.00010069449415861681,0.00014166954551296464,0.00010657393803880422,0.00010912108259495316,0.0001635410595579107,0.00012370960803708003,8.180278325326233e-05,0.00011850456118238541,6.915966506051915e-05
11,0.00018286845178537003,5.938296529400128e-05,9.08310755631782e-05,0.0001093769669581835,0.00011728053253360954,0.00014424036662538236,9.723369725274195e-05,9.904554121116098e-05,0.0001225478664261249,0.00010164431047929483,0.00014508971691158066,0.0,9.9264995421493e-05,0.0001039706886703468,0.0001115551226676427,7.3654947267147e-05,0.00010339050569756195,6.764320266996333e-05,7.511465839440934e-05,7.594870353033639e-05,8.330012909237113e-05,8.361200810067772e-05,0.00010733725819016278,0.0001344351315416339,7.192317541253039e-05,0.00020867360334847934,0.0001161800067184683,0.00011502735175244917,9.089198453521085e-05,0.00014518560397930498,7.962102875838486e-05,7.808331304103143e-05,0.0001751454162367812,9.850894519169845e-05,0.00013055267363915198,0.00013652144551861274,0.00016358889383977942,0.00013711185116843194,0.00012410854305175344,0.00013134624346844412,0.00017217817245270006,6.0125193267591246e-05,0.0001256978820748676,8.287291683354528e-05,8.116610507263171e-05,0.00010954727477905978,0.00011664740575994796,0.00012153513449973559,0.00011285991455346486,0.00010338818441168123,0.00016777457569668104,0.00013670073828710502,7.741652159530642e-05,8.417985403145875e-05,8.598576434758568e-05,9.04654813559099e-05,0.0001314687341862437,0.0001211510406774889,0.0001391435298281179,6.808265690118933e-05
12,0.0001460381246321166,0.0001161587812635461,7.304261877858274e-05,0.00012580495110846724,0.00011242193181217988,8.141606274019575e-05,8.105036544827194e-05,0.0001450151926234363,0.00011212792180218303,0.00015864492749300397,7.271824533726765e-05,0.00018190793847271762,0.0,0.00011471412077710174,0.00010433897272317915,7.438793843261985e-05,9.075273287683225e-05,8.5785672274753e-05,0.00011304328774332521,0.00015110806510401328,0.00011539068804607868,0.00013870466378057818,0.00016130605160607627,0.00011478445873728562,0.0001036975536918579,9.139211851791951e-05,0.00010230438220499983,0.0001014001811978702,0.0001716798139011432,0.00012451926779201127,6.143021259045267e-05,6.819712459393654e-05,0.0001342768889846792,8.223810042798901e-05,0.00010916799679624194,0.00010747362304209528,8.68637228480208e-05,8.381471734045655e-05,6.689087931103648e-05,0.00010604075579449153,0.0001312352742136961,0.00010685793914271636,9.434248142901808e-05,0.00013549967322650956,5.51024580378428e-05,0.00013253014350295014,0.0001298080988132343,9.817313208493588e-05,0.00010705821715071037,5.7462715872959124e-05,8.917700643245374e-05,7.88119576709115e-05,0.0001256521035626953,0.00015300490081594486,0.00011838522223586902,8.628872849567364e-05,8.240388728295023e-05,0.00012807706504866306,0.00013904687951198823,5.562759729284903e-05
13,0.0001523009537620277,0.00010934569857318907,0.0001331150608588084,9.683210913465429e-05,7.356859847625033e-05,9.435413120617446e-05,9.716986707199515e-05,0.00011046450608716101,0.00011334392552846263,9.606213318389806e-05,6.139731155319575e-05,7.307935473681987e-05,9.288855268489233e-05,0.0,9.556401542687945e-05,8.703502782099411e-05,8.109226386833562e-05,6.85162775774226e-05,8.445759979592156e-05,0.0001582066474830004,9.435611935245845e-05,0.00014926572796766316,0.0001387578786240379,6.0867142297437836e-05,0.00012219537657960047,8.565817945617897e-05,0.00013186130214600702,0.0001601131010880252,0.00014376165480704272,5.523047544464157e-05,0.00013747841044862993,0.0001259157739425463,9.590772390313689e-05,0.00018890685808286707,6.077800526895424e-05,0.00021005834504062896,8.589285365631972e-05,0.00012809350000270286,0.00012497918835501013,0.0001166481261034815,0.00013397326942628858,8.678510829551857e-05,0.00014168231434681043,7.10931626239263e-05,7.830469255519306e-05,0.00010397385864821479,7.782739040156452e-05,0.00018035666221949767,0.00021362974106741114,9.129710575672304e-05,9.766461989790635e-05,0.00012256242046025485,7.88765228402558e-05,0.0001457605106280086,7.64272364459786e-05,0.00010284833204114085,0.00012086296825649714,6.573277547496644e-05,0.00019294291705973114,7.499904548476655e-05
14,0.00012135874411687268,6.220935689126439e-05,7.951707572746772e-05,0.0001290283482080787,0.00010786272073599076,0.00011485749710795913,8.110839575899851e-05,0.00014311288126854618,0.0001684395290855631,7.52093801960272e-05,0.00014066201572199654,0.00013863939091981434,0.00014373322340274208,0.00011107931482742056,0.0,6.542468061932757e-05,7.178064025705939e-05,0.0001569774646831536,7.491948805447084e-05,0.00012370728379703516,0.00017734565361282194,0.00017152446380517026,0.00020134154648051325,0.0001744408395541801,0.00014251965355276084,7.6642514673139e-05,0.00014182439445396957,0.00010241975411010034,8.375305232925369e-05,9.667385556235202e-05,0.00011705332482226852,0.00010999293690777674,0.00013613870562126075,0.0001509845400288121,8.508170709310716e-05,8.807818124330933e-05,5.3933123284284914e-05,6.906037771638469e-05,0.0001190960964539297,0.00015990123356040246,8.695843214704915e-05,0.00011717055892418598,7.472650963405515e-05,0.00018968436815437889,9.596692025837876e-05,0.00014377615153971933,0.0001322022063453803,7.721341388774083e-05,0.0001790291101063581,5.8215558623697746e-05,9.873511137512461e-05,8.569236672369249e-05,0.00017902162162904795,0.0001541099513799148,7.802433977967084e-05,0.00010329272429729044,8.637859907012846e-05,6.000593985431957e-05,0.0001713681097228645,9.51655879521964e-05
15,0.00010116178278346309,9.38959149942087e-05,7.680197138212892e-05,0.00013632777765625411,0.00014161833848219132,7.997344581449891e-05,0.00016586448110109467,0.00010234335786971225,0.0001301827100866188,0.00010984633325197376,9.437942615286007e-05,0.00012437703029415342,0.00012708298143233385,6.98175867673916e-05,7.889075599751974e-05,0.0,0.00019498757791430122,5.9906051529978525e-05,6.947303002402193e-05,0.0002413546707053175,0.00013832686871453653,0.00016052779010049468,8.165998045894308e-05,8.247292359984896e-05,0.00016161160529031606,6.81978537017134e-05,9.741256112524492e-05,0.00010864112772301605,0.00013530262427317215,0.00011202710018868157,7.398923157512469e-05,0.0001739650054673168,0.00014598612523709998,0.0001281120119049432,8.840540799176317e-05,8.847276270931507e-05,0.00015582412836109992,7.004002772312389e-05,0.00011254788739172116,9.329703877983595e-05,0.00012164373544897758,0.00010292291069389149,0.0001282586106552756,9.21118912669471e-05,0.00010258306099242455,6.928184957021263e-05,6.345137014182573e-05,0.00013423804900522705,0.00016711217556890742,7.999809615512721e-05,0.00012897292695496888,6.863155912158207e-05,8.664925623646197e-05,0.00011424583671463475,0.00011885373610052993,8.321873083338166e-05,7.77784334515919e-05,9.335448901711555e-05,0.00013729823040402683,9.069902400129044e-05
16,0.00010351193703755996,6.46707343878588e-05,0.00010230070631492161,8.15953054924227e-05,0.00016001618025782908,9.517241053371256e-05,9.964119524124714e-05,0.00013790033894355523,0.0001451684061202133,0.00011819691836808192,7.224204529364749e-05,0.00013096558904187867,7.510835799932508e-05,6.3229127126127e-05,0.00010698519213015297,0.00011797237898648902,0.0,9.804795460543687e-05,0.00011305474890780265,0.00017664958726653097,8.388142017266121e-05,0.0001069417253500074,9.349688533396238e-05,9.006300841693494e-05,7.498683944760304e-05,0.00012963285436409176,0.00012409484052229428,8.319785709245512e-05,0.00011218858295224,6.445857811376205e-05,9.895243637258163e-05,0.00015116138895327643,0.00012713126574284662,0.00016816176289604858,0.00010597541342049593,9.226283344206678e-05,8.028218394020665e-05,8.75805151080519e-05,0.00010121650731431488,0.00017700800287089076,0.0001542113807095728,0.00010657521247757431,8.566682018192313e-05,0.00011174875592172332,7.007823093758874e-05,0.00010716798875218805,9.377520181969575e-05,9.507890363985233e-05,0.0001164748187079234,7.455921062705264e-05,0.000117176684660116,0.00010028447777269504,7.896709339412478e-05,0.00012207646023433094,9.983593639393804e-05,0.00012771770432665284,8.69942755844298e-05,6.578468845233594e-05,6.349768634332147e-05,6.105084427664052e-05
17,7.985997465381113e-05,0.00010729190017566594,0.00012797395782950037,9.02564439487774e-05,0.0001031008415378899,0.00010056396388717816,0.00010317057793477468,0.0001460182519722371,0.00013196436920341883,7.290929914775688e-05,0.000100617245251712,0.0001610901646863471,0.00011098262605549173,8.81615632009819e-05,8.183057443426073e-05,5.34245456554293e-05,9.394527998818433e-05,0.0,5.444146826136192e-05,0.00011766178753977212,8.588682625982363e-05,8.898705226730474e-05,0.00021260107870656962,8.148984181751562e-05,0.00014888057217531814,0.0001021792345859201,0.00012768391451044504,7.298740094264719e-05,9.060563667163504e-05,8.239950767041921e-05,9.282352393373178e-05,9.432487520340821e-05,0.00016836139885692436,0.00012538735517475286,5.0032991122282076e-05,8.973256072530763e-05,9.591683567318665e-05,0.00014981616688688858,0.00010698523694777028,9.778608718278942e-05,0.00015067704728521648,0.00015684557301416056,0.00010747996766224714,0.00011521855169391412,8.057283611393602e-05,0.00012150479163169621,5.6443856327882235e-05,0.00012951041199529088,0.00013465656623213633,0.00011683759444548022,0.0001254400111103022,8.267884252453074e-05,0.00014330425336392443,0.00014241199941586146,7.385201689443466e-05,0.00015381561065051612,0.000131728309792219,0.000177509939167811,0.0001175764003651165,9.973471862564489e-05
18,9.164480135940686e-05,0.00013458225317093155,0.00016554998126348173,8.811386107266432e-05,7.189008925079885e-05,0.00013217671029915927,6.340882022646505e-05,0.00013361825295898807,0.00011280869839234218,0.00011878546965985282,0.00011295225078313964,0.0001553972894819175,0.00011273437494162568,7.3025877795616e-05,8.127197362158829e-05,0.00018040853624069642,0.00014294073554663156,0.00011847772665780345,0.0,7.072906623764549e-05,6.999236646635996e-05,0.00012243615805008871,0.00016378359635212114,9.679744871315726e-05,8.665956001045925e-05,9.444184441562409e-05,9.105065348280084e-05,0.00011261512308231647,0.0001203142809309116,0.0001423243821054955,6.362778304210383e-05,0.00014959844662743675,0.00016800625100523984,0.0001137766730861553,7.985552195068954e-05,0.00010627516473215249,0.00012107929373014696,0.00012802260508740885,0.00014797186355145208,8.440222334049848e-05,0.00016556816460026777,0.00012329363293232793,9.846212288680943e-05,9.713643347639569e-05,0.00011627375464730236,8.569822819271985e-05,7.411565709545138e-05,0.00012437069541137158,7.746687870906612e-05,9.16704320152546e-05,0.00017673807233287132,0.00010910462926637744,9.24081619295645e-05,0.000185965598563981,8.237739615260626e-05,0.0001191359185291211,0.00012656821210357453,0.00011752303745777475,0.0001133556409988936,0.00010429702391332996
19,7.925813737086442e-05,7.47812260858297e-05,8.175476284811283e-05,0.00010607183880345773,7.402236057236171e-05,0.00011597213467365075,0.00010197622308089576,8.337623822773331e-05,8.972093412769494e-05,7.305959213987092e-05,0.0001254668176054658,0.000123076672931551,0.0001209282630116132,0.00012836824501608423,0.00010890894602304519,0.0001395972609955004,5.757132563224181e-05,0.00012539269430925776,7.015468834982003e-05,0.0,0.00014886015958908138,0.00012128226039345126,9.64155438929072e-05,0.00016536790968659908,7.061177096593857e-05,0.00014751563968382132,0.0001355366582543618,0.00015015463171006303,8.243973245340576e-05,0.00012230836031426682,6.918607515191775e-05,0.00018272380174601862,8.711006653970434e-05,0.00018579178265173434,7.008474306685428e-05,7.790169961271571e-05,8.43931912571609e-05,9.665776530390775e-05,0.0001387281166282775,0.00013902498609581524,0.0002247969786642448,9.029181087984125e-05,9.471057906187543e-05,7.24438564979229e-05,7.313504650269615e-05,8.715885383592431e-05,9.63077516817146e-05,0.00011933596306153088,9.364585173209505e-05,0.00011515005433143417,0.00010223581229769115,9.057245050700173e-05,0.0001164571049931299,0.00016087623370656035,0.00011798113470633344,0.0001165615424727376,9.510320489292908e-05,0.00012153577029733916,0.00019024643886050358,8.929023324588405e-05
20,0.0001157741937672073,0.00010599476198467826,0.0001007787846111919,0.0001406434136288628,8.608798435458087e-05,0.0001565596045690631,9.070956642852063e-05,9.73540073618636e-05,0.0001099348757641565,8.59302829719038e-05,8.521440737480064e-05,9.554577426649842e-05,7.854074539234074e-05,9.29230299825385e-05,0.0001147784104246902,9.661482312337409e-05,7.727868375743636e-05,0.00014533838700140129,7.871749612723665e-05,0.00015924185535574016,0.0,0.00016631880998918652,0.00012697133735947738,9.565928872735161e-05,0.00010865468825402243,0.00014894153532511565,7.068205382582982e-05,8.310774935182621e-05,6.85539271735832e-05,0.00012601844411007251,9.567990542717507e-05,8.529247506649331e-05,0.00010413307662302065,0.00016295902992472766,0.00011776353512485838,7.043963284138916e-05,6.636611477976716e-05,0.00017694847065099793,6.988889653004633e-05,0.00011601510947612225,7.662340803707277e-05,9.48949905262423e-05,8.024906254475019e-05,0.0001510712841261212,0.00012985702450600818,0.00011560934123259375,0.00011618399424876712,9.190609763291594e-05,0.00014918387231721184,0.00013258284548937845,0.00015186562565365502,6.926257804009127e-05,7.127729658355242e-05,0.00013214344285615974,9.078030191045545e-05,0.00011598500750185751,0.00019935543012271787,0.0001432169177348827,0.00019452204207455177,0.00014128969393160752
21,0.00012681011583246524,0.00012080765878436775,0.00011123253926199943,0.00014968746824956414,0.00011209447838572032,7.415181578033262e-05,0.00010294174373583219,0.00016888597463301437,0.00013491564467366226,0.00012441105687652408,5.289829099471654e-05,7.89976600144074e-05,0.00011415168263034663,0.00018556002931783611,0.0001112774286095776,6.612098608487553e-05,0.00013359458770321515,9.695248593916909e-05,0.00013362785192699739,9.554609860322713e-05,0.00014959189595598716,0.0,0.000125090104599437,8.044181344970785e-05,0.00018469470830745238,0.00010090347662125146,6.937863750990249e-05,0.0001896344111932339,9.364202531081347e-05,0.00010466686550403868,9.639736381401675e-05,0.00015541446965078637,0.00011187340230071976,7.325075558691051e-05,8.246929983560915e-05,0.00011449178485396083,0.0001216966211021144,0.00012125153838534569,9.121376407778556e-05,6.998352963148865e-05,0.00017395273965111125,0.00013138001886771024,9.911069373588989e-05,9.372412721708754e-05,9.651390055175891e-05,0.00012679630407318887,0.00012689884219042603,0.00016533240834567696,0.00014751835201125756,8.83111901584668e-05,0.00015611465281863991,0.00012013626118016025,9.547677503513751e-05,0.0001688987507539983,0.00011778853542195294,0.00012122450439313704,0.0002475398306720374,0.00011061602697179798,0.00022944778183565468,0.00013792288374466248
22,0.0001176087519972571,9.761029018822873e-05,9.457271759887903e-05,0.00013433796389576255,0.00011472402787828237,0.0001089655536511131,0.00013212224656617268,7.622234118233545e-05,0.00019856658743821036,0.00014632734065286485,0.00011923015975717473,0.00011374308997309223,9.132356070483314e-05,7.786391003809009e-05,0.00012678776886259434,9.045810996401262e-05,0.00012378948705970883,0.00010150464782387202,0.00015598827785816247,0.00020089385668087628,0.00014613561886211808,0.00017525765375000772,0.0,0.00018237778184297727,0.00014610437813849825,0.00016481167952919255,0.0001017498262235704,0.00019273352218777116,8.928589279438284e-05,0.0001303777909061829,0.00011804071848194043,0.00010522890456454661,5.8440565166859414e-05,7.376244762118079e-05,9.23066880825635e-05,6.434284157956938e-05,8.8381639747218e-05,0.0001139745248526653,0.00022357170440722118,7.655367074198703e-05,0.0001223697161970246,0.00016822090403997847,0.00017498341999422655,0.00010683768580367141,9.4442539258265e-05,0.00016100693531896268,0.00011333145876589397,0.00011698188927151185,9.342041423211689e-05,8.829134007698164e-05,0.00014177189915744567,0.00015265875993589987,0.0001713480831433069,9.429045977344964e-05,8.936883200390764e-05,0.00013534496877668477,0.0001443940571143382,0.00011720153721291503,0.00022622293505598687,7.244303710714625e-05
23,0.00012953452237044562,0.00012027396181207541,9.252483847290936e-05,0.00012950142600267874,0.00015789339461271326,7.251272929594091e-05,6.962991295369629e-05,7.332324147571512e-05,0.0001445638837766358,0.00010124027605253696,0.00010197424168612379,0.00011128145378509811,8.01919795058744e-05,0.00013169350483114157,8.757418731764016e-05,9.134692312787797e-05,0.00013412177837972706,0.000106104524214048,0.00017180649042216998,0.0001440364891638447,8.228430759373706e-05,0.00012847489053385687,0.00020928111049607991,0.0,0.00019694169674568302,0.0001444868366595879,7.859314420340411e-05,0.00011748996409481623,0.00014203740721052682,0.00011657031781130718,5.9324857501939176e-05,0.00012608809926534245,0.00010798157849892649,0.00014772391251579605,0.0001473449369712674,0.00011839315962859355,0.00016850743773030524,9.637257752785733e-05,0.00019656109032028903,9.635349394437587e-05,9.345819429665042e-05,0.0001246946082006541,0.00011686903514225576,6.55682977470844e-05,7.249761306132074e-05,0.00013434408126841336,0.0001270501594216319,9.516376529209541e-05,0.00011306190934482717,0.00010392915154683583,0.00010129426705713413,8.924172912224105e-05,9.726046343388387e-05,0.00011251082199237214,6.148564460757607e-05,0.0001602236978614864,9.60866128256043e-05,9.894973824562673e-05,0.00019995402141613746,0.0001241504740471223
24,0.00016359828723198832,0.00011030337075363294,0.0001222192538027453,8.743601841794498e-05,8.831428038646098e-05,0.00014546017373677755,7.771922047522038e-05,0.000155200554988085,0.00014380212094396264,6.847401107548062e-05,7.504280133785618e-05,0.0001491062930030918,8.506940857903552e-05,7.461486130015832e-05,0.00014277705478229363,0.00013918125815548732,9.1884184021908e-05,8.460998805619923e-05,0.00017066024361985307,0.00019547174093931488,0.00019455965354897673,0.0001544760615097971,0.00023394343326942448,0.00012488163428388152,0.0,8.318364310615712e-05,8.631453588758054e-05,0.00013194349430635513,8.894598986268102e-05,0.0001406583550271125,0.00017088642240190062,0.00021963272057565043,0.00011437477682693069,9.562130839978288e-05,0.00015307767416497794,0.00013129339140742656,0.00017770519573596813,0.0001493864451684764,0.00013062200232873077,6.95912707834964e-05,0.00012622421326669603,7.69193707439893e-05,0.0001289739755338306,6.0764755721071e-05,9.512952544583963e-05,9.80059273445e-05,0.00011025081867061177,7.412321568464454e-05,8.034296206874326e-05,0.00014075051102984947,0.0001598871494934066,0.00010925314499510614,0.0001597497346895383,8.75717306971231e-05,0.00010450605911399147,0.00018884164255778997,0.0001251286080660113,0.00013320339112464345,0.00022224478746955606,7.103381757848423e-05
25,6.814843580259842e-05,0.00012841930414965444,0.00012528085137421897,0.00014357376489754887,5.780342390939932e-05,0.00010233398156723846,7.588653489024374e-05,7.992827763419524e-05,0.00010156343821103363,0.0001494893744832901,0.00014398027259844543,0.00011136167118124847,5.508824165240982e-05,7.133273130869801e-05,9.636636897917392e-05,6.653159647145269e-05,0.00013072109685692855,0.00016823447837896675,0.00010322456193907493,0.00012009725093472902,8.122733952574323e-05,0.00024064586642365057,0.00017016270977736643,0.00012965043452903093,0.00017645850219529782,0.0,0.00012432136683591228,0.00014793167504565259,0.00020902828071723263,0.00017261851655972762,7.251204674620315e-05,9.516090981666652e-05,0.00014110495879730663,0.00011543430842179884,5.787615734015053e-05,0.00015265404936285273,0.00011345181911269685,0.00018365164858140035,0.00010545323602502496,0.00010219359385477243,0.00011274486442875484,9.300573658048182e-05,0.00010281799112038913,7.440449224230192e-05,6.6013604979659e-05,6.0481181361039114e-05,0.00013494662874209297,0.0001274714540940914,9.835948568809022e-05,0.00012562806502391363,0.0001298166646897059,0.00011940406260739377,0.00010590459213434584,0.00010683858438634062,0.00011210779910860889,0.0001503517120290947,0.0001416901722232963,6.887211148467211e-05,0.00014954582970312338,7.985290458012089e-05
26,0.0001097684152140418,0.00017612229480092523,0.0001200977824579612,0.00012127375364709952,0.00020623518614637303,0.00010271271438866297,0.00012334608394920003,0.00012493142672117982,0.00015918787616653042,0.00011867035591853592,5.8664361311551966e-05,9.979389331761136e-05,0.00013323943753314413,9.983010633985143e-05,0.00010328491385041588,0.00012670083234199542,0.00011713275600472806,8.176069275528181e-05,0.0001192410554069943,9.787436032742952e-05,6.724975805402905e-05,0.000167588170425909,0.00017072199734047684,8.499296938253327e-05,0.00014314358360819463,9.10506534168274e-05,0.0,0.0001291122960553483,0.00012370092073410452,0.00010780199209193315,7.447814219344144e-05,0.00013888644756645467,8.00573805361651e-05,8.12352907831729e-05,9.733638020265491e-05,0.00011532458583824389,0.00010250387811660623,8.005262150977951e-05,0.00017592604864059272,0.00011415052062336294,0.0001609369434859712,6.765006771138395e-05,0.00011377161728455785,0.00012216930822368693,0.00010904922392382166,0.00011608921932588642,9.741993792636781e-05,0.00013346938566571678,0.00016067661985892835,0.0001204302121684449,7.99669098371883e-05,0.00013390318417976456,0.0001370180965096097,0.0002120686568253868,9.96189467933235e-05,0.0001288891418303938,8.282131532812906e-05,7.822871426100811e-05,0.00012514124588151944,0.00011142020176729229
27,0.00011694847799997782,0.00011664897103230658,0.00018227667310618392,0.00011558693079272634,0.00019053661655499534,7.339007573724933e-05,0.00012593776205942323,0.00015272461423139822,0.00010129631026020273,0.0001854747936034753,0.0001123708770848303,6.670747106414449e-05,9.110798934912909e-05,0.00014928634129806288,0.00010803125620782814,9.617772492773848e-05,8.352393357158144e-05,7.714786767325774e-05,0.0001251192035953088,0.00013889672894303308,8.281542980281371e-05,0.0001604455285949193,0.00012402170855415316,0.00010452976391281582,0.0001025271849477235,0.00015121489267648673,0.0001487240089417929,0.0,0.00021680649455686012,0.0001194153490662154,8.334242566589732e-05,7.83502033982786e-05,9.181250769576197e-05,0.00010445853642108384,6.245959520772694e-05,0.00013212067036185013,0.00015517670780444798,0.00011234440858250056,0.00011231483460013447,9.041840621662928e-05,8.955318044687153e-05,0.00011021013599494444,8.746282837218372e-05,9.048902343638851e-05,0.00011169056460464556,7.278186476716351e-05,0.00013287564068346948,7.89147417791681e-05,8.8861835232651e-05,7.266160338101787e-05,0.0001271157789836953,0.00016505828333815306,0.00014740606799776328,0.0001095456327864567,0.00011101103811858852,0.00013421243128580604,0.00013678830454107662,0.00011179338424999257,0.0001524282817255688,9.371627204791647e-05
28,0.0001142247859161005,0.00012079035246982968,0.00010718930894473486,0.00017548338963008483,0.00010630394785573174,0.00010058777274658836,0.00011078239648649622,0.00013172278562052794,0.00012905557761204835,0.000122025008805042,0.00010786905273809379,6.123493755516431e-05,0.000104245314903739,8.215852692404736e-05,0.00013433707247398252,0.00012422540993147123,9.089654697090862e-05,9.69059214034711e-05,0.0001722813990668622,0.000131415495202561,8.642240696885599e-05,7.974187490511545e-05,0.0001291139018837294,0.00015323212638309187,0.00018244165351899818,0.00018217403949012055,0.00011463550982679943,0.00016024304504001758,0.0,0.00015417250749623625,0.0001293875166614201,0.00011623128782132373,0.0001272181304147608,8.193954289879232e-05,0.00011394518188040093,7.180398911841097e-05,7.561826076644225e-05,0.00014419097801616872,9.749704751566772e-05,8.134232729680607e-05,0.00014849913141757476,0.00013503073678727349,0.000193999302981096,0.00011256849381058392,9.432991878221384e-05,0.0001024713802834953,0.0001131550747560897,0.00019991756352419462,0.0001137688902459412,0.00011675472025738264,0.00010365998348230915,0.0001258450661126174,6.598665716637599e-05,7.694814717051702e-05,0.00012294237534540647,0.00011705848489676685,0.00013794594175332717,0.00010789577824762032,0.00020043655406894634,9.911876075978717e-05
29,0.00011044485347842757,6.82152745273729e-05,0.00011024915637698908,0.00011562108161501696,0.0001106263552431054,0.0001657157451753508,7.706137367250773e-05,0.00012386831343529206,0.00017213916737747638,0.00010176906083629682,6.027995870730001e-05,0.00017207184924963797,5.7289747944866476e-05,8.351699816303284e-05,8.307227887629769e-05,0.00012485054912845782,8.264126519731002e-05,6.128489358458598e-05,0.00012000926790446492,0.0002650711904210601,0.000161588776364951,0.000167974029503238,0.0001400351890555147,6.482967259157411e-05,8.614157473663029e-05,0.00010942312398611884,0.00011864505143109877,0.00018612776475041416,7.066147583551001e-05,0.0,0.00015516978332489307,0.00012148322196467856,0.00014442477348002714,0.00010920485752200674,7.285161861919542e-05,8.204059882720941e-05,0.00014815311674857702,0.0001841013679578175,9.795907743834499e-05,0.00011642438471555333,0.00011800287594823577,0.00014281790852151044,0.00015958729693709724,8.656771667747798e-05,6.031646729099789e-05,9.565414918507453e-05,9.410429586228808e-05,0.00015620476246248278,0.00011543104337488173,8.254430073737549e-05,0.00014452712411317794,0.00011347678374688236,0.0002507776498324815,0.00010408683621946449,7.336269014326569e-05,0.00017206992036133685,0.00010275109364793147,8.697373197584774e-05,0.00010077380156639062,0.00012419468728485855
30,0.00015291051091117624,7.777427012458029e-05,0.0001288194927150313,7.077541550853165e-05,9.034679081664107e-05,8.471862008434948e-05,8.986013504290215e-05,9.625804735675238e-05,7.251067454765037e-05,0.00014047539945271945,0.0001326128036605599,0.0001412721503041733,7.598780959486032e-05,7.62499836528117e-05,0.00010322614521718938,8.209988626144451e-05,0.00012537258897054926,7.744269696885011e-05,0.00014832319465700277,0.000105436004946873,9.797739570307808e-05,0.00020257237195162918,0.00011343484438348671,0.00012194122125541337,9.463552309083465e-05,0.0001043849267556335,0.0002375327550610845,0.00012407910782657948,0.00012439656129425053,9.00844261171995e-05,0.0,0.00015160106385552928,8.683041387522707e-05,0.00012590061430624853,7.629901749749745e-05,0.0001065399420891288,9.013197082662257e-05,8.650503350138713e-05,0.00017071505093002872,7.596850591080244e-05,0.00021992868196700445,0.00012800768754826994,0.00010415610132031418,0.0001346474124571156,6.364860278525754e-05,0.00012081501471704362,8.977594230650611e-05,0.00012927692490453645,0.00011100506628997038,0.00015516438310961026,7.837139846023394e-05,9.585002305506671e-05,0.00014811892574584045,0.00016285851506353224,6.496405494283641e-05,0.00019822535787880093,0.00010359345460682058,0.00015025236497261953,0.0001127010733696547,0.00010816795179913004
31,0.00018570846718130078,6.324832983319258e-05,0.00012299715938193925,9.438067681034162e-05,9.446460330786524e-05,7.369259850058617e-05,0.00010631740774686959,8.016420260995275e-05,0.0001097816696389389,0.0001502966038248396,0.00012367152651936007,0.00010813204446777008,8.413770522582729e-05,7.667511237890618e-05,9.944443876119618e-05,0.00011787453180696852,6.672448155764659e-05,7.147994965746241e-05,0.00013477291039221614,0.00016433266999282966,8.173938492921463e-05,0.00010546619375408177,0.00010227027680763997,0.00018593324648892378,9.803572109759626e-05,0.00013720454215288073,7.740572591777145e-05,0.00016635590355386256,9.3892617490776e-05,0.00014569414337118502,0.0001227999350174465,0.0,0.00012140043534079362,6.363690914644127e-05,0.00011068326375973179,0.00010677660579368916,6.605775529530198e-05,0.00016912556229921018,0.00011369716638296178,0.00010728243649589232,0.0001447132382170328,0.00011747033652308923,9.92687351979398e-05,0.0001141552247728492,9.066535352933055e-05,7.716684278453644e-05,0.0001165617422173592,0.00013367058537500778,8.649310602627527e-05,6.427193242453184e-05,7.92902909239185e-05,0.00013149687923725713,0.00015426165767103308,8.276503832141823e-05,0.0001827133249263145,0.00014195525752834073,0.00019459239419683159,0.0001228365490634451,0.00017100370344757672,0.0001240426137985559
32,0.00011345263003959893,0.00012806069996386773,8.779695428690899e-05,0.00012537416192183633,9.59665781517698e-05,9.07530623527171e-05,8.753718915788963e-05,8.111019934499909e-05,0.00015559732383767244,0.00010084356868276129,9.625529456066257e-05,7.003034762920573e-05,0.0001232368219281374,9.525302538945919e-05,0.00015118926905411772,0.00015410106123443535,9.611950669702127e-05,8.085612941020843e-05,8.890391395225589e-05,0.00012988253398360248,8.26540460604348e-05,0.00013205927227098068,0.00010062430580749305,0.00011733349804896035,7.145134283974599e-05,8.659294550875434e-05,9.584074302719884e-05,9.869374059131736e-05,0.00014523503750670934,0.00017155027128715783,8.396724845812464e-05,0.00011702570732764867,0.0,0.00013319918566255155,6.472522472105829e-05,0.000124756654865487,0.00015271246657048803,7.988864591083341e-05,0.0001541157731480803,0.00011805436862247688,0.00015327991554441045,0.00010121535494372219,0.00020236697811412948,0.00017857605467610805,0.00010062183097336229,9.723586810476736e-05,0.00013257045961214442,7.471614287439365e-05,0.00010191016887209379,7.413180348304007e-05,0.00015518616788901853,8.833673627690444e-05,0.0001903276145834576,0.0001460477570211172,9.548969243416947e-05,0.00013835347990526987,0.000133956212586847,0.0001484108346005032,0.00011113159714297457,0.00013432952937329252
33,8.003390605389352e-05,0.00010282048959635862,0.00010072933829002723,6.583702307964377e-05,0.00011956591493242236,0.00013011221328634417,6.276555098124794e-05,7.432947849708507e-05,0.00016592194806114077,8.62385169587022e-05,0.00010258087514355685,9.247698727048451e-05,6.185619486038301e-05,0.00012209301674364113,9.838233658405019e-05,0.00014055944744992412,0.00011869777293366653,9.296870205847048e-05,8.478871167907586e-05,0.00010455454435443791,0.00010803376691472274,0.00013255900168977468,0.00012299252714795166,0.0001623273482832302,0.00012514441336016136,9.826111718072301e-05,0.00014570329708546206,0.0001275469567626283,9.69978350378195e-05,9.195190810375849e-05,8.215512461209125e-05,8.105324723342141e-05,0.00010345346272499992,0.0,0.00013993605701750718,0.0001094122566424895,9.23525149497568e-05,0.00010112867213506866,0.00018310401475698024,0.00010792404709432034,0.00012528481155805963,0.00013348043706236915,0.00011867100032658273,8.178288051638043e-05,7.810950836895408e-05,0.00011786277251003567,0.00018613188629999734,0.00012591285056700794,0.00011359611049540067,0.0001059325680073308,0.0001395572132238181,0.00014152624437312457,0.0001353992388966711,0.00014375319333577007,9.267828098829988e-05,0.00014475164927812693,0.00013016647106194954,0.00010162611449781412,0.00012240680866942806,0.00011972277333448842
34,0.00010567793146686897,0.00010419496962293666,8.82970040031784e-05,0.00010296909975969357,7.304055746418474e-05,0.00010242272791501782,0.00011762100004972134,0.0001036789481740863,0.00011690520845961904,0.0001940514443972571,8.864356460306371e-05,8.022453022017203e-05,4.979969432656693e-05,6.100316539902355e-05,8.360192005950366e-05,0.00010658740916991028,0.00012349434861132628,7.795070621264487e-05,0.0001029315680773907,6.755165633830688e-05,0.00011119023821638711,8.076210816684078e-05,7.615174506775158e-05,0.00010055744901196477,0.00011131380619838248,0.00011125191585654693,7.343805330791023e-05,6.667458155766091e-05,0.00013964102989347168,7.658790823486323e-05,9.802782948198912e-05,9.404861386517232e-05,6.90472251628693e-05,0.00014463210233674466,0.0,0.00016648428671814708,0.00011777889349575783,0.0001453150863869092,0.0001313720295355007,7.183910578461443e-05,0.00012383983666546046,0.00012507741956573672,0.00010062031501450238,8.433039796170882e-05,0.00010434013515584927,0.00011431569972255121,0.00011235940311378218,0.00010070569801328436,6.475751267883025e-05,7.389921587719845e-05,9.460091584374882e-05,6.55729520132844e-05,0.0001494829189931699,0.00010312453990655953,9.859459776934718e-05,0.00015834136573884892,0.00011859617702332895,0.0001240436318509605,0.0001394220093248286,8.918931254517652e-05
35,8.618079584181159e-05,9.213865511749457e-05,0.00023664058333035964,0.0001264017361346549,9.74446139649221e-05,8.118287044649222e-05,8.630914076281487e-05,0.00016157013408664555,0.00010412579055488975,0.00011944677975031147,6.628893613965619e-05,9.377965061283625e-05,9.657920815799083e-05,7.191036880442119e-05,0.000112818692287099,0.00014357150521412897,0.00014468334731923332,0.00012157539518493221,0.00015306401317624816,0.00012469185237668352,7.635500873299403e-05,0.0001304156734847957,0.0001463173387789575,8.97928707747087e-05,0.0001807218679749991,0.00010658285535088328,0.00011112006458017588,0.00015090924909930638,0.00010630923443842581,8.086773504034133e-05,0.0001091991181319308,0.00010756547098655654,0.00010562047368624212,7.116334544882148e-05,0.00010552344301834789,0.0,0.00012785586872046824,6.878531715233093e-05,0.00017819518488803698,0.000190067745477085,0.00012341623331642713,0.0001124934235228386,0.00015009132194030098,9.116588267020463e-05,7.504343042524409e-05,0.00011258878896339605,9.499750574836152e-05,0.00018950164439954651,0.00011652828107572877,0.00015133006524451558,8.947024782984597e-05,6.88801775823722e-05,9.390627527966353e-05,8.907386043617727e-05,7.576751893570086e-05,8.358112088259991e-05,9.197962094719435e-05,0.00012632728480154107,8.742667979230105e-05,0.0001404822306866384
36,0.0001596977952422483,8.667333299638908e-05,7.771735157720134e-05,7.457629000143706e-05,0.0001221150834490863,0.00019202902818316766,6.883383202208103e-05,0.00010117025125693706,6.255221843195364e-05,0.00011834933044233226,7.921488272989118e-05,0.00015266179303043655,5.711295945584978e-05,0.00012497617951125737,0.00010756326125048904,0.00012466047529838048,8.448026299096328e-05,6.184199778377367e-05,7.749694505769727e-05,0.00010841193761263023,0.00013145127449905582,0.00010875542240215584,7.14849034848151e-05,8.918271070688369e-05,8.979396020851265e-05,7.92231457468621e-05,0.000193725628329486,0.00011577398122358966,0.00015812461751058937,9.887637591668219e-05,6.947952680497557e-05,0.00012222605603081857,0.00012412485751682803,0.00016408076298638806,0.00014344671182889746,0.00016549762250375204,0.0,0.00013898816699810726,0.00012162823674221991,8.192060146059212e-05,0.000247862528200297,0.00013196483655717858,8.262920680771457e-05,6.331452334543705e-05,0.00010882667538456069,0.00010985964138558832,0.00014166896899886478,9.021939982425312e-05,0.00011509421309915999,8.688540649663725e-05,0.00013387018360480943,6.836075723850424e-05,0.00014645655133265335,0.00010446703456417326,9.950082173222884e-05,0.00013606663299763877,9.388333948699858e-05,9.283217832606631e-05,0.0001434921044205533,0.00024183593405010208
37,0.00012965167669914252,0.00013866847328780253,9.554827275703141e-05,0.00010684111721842186,6.264458715416473e-05,8.391572420941406e-05,0.00014829789759663838,9.024608204203174e-05,0.00012122793669749086,0.00018439008994728965,9.387713671943976e-05,9.300724984357268e-05,8.895614158156996e-05,0.000122369153276633,0.00011865635295005389,7.736215915698675e-05,0.00013896469929787524,0.0001475151586642776,0.00011411803606750706,0.00010473930014029227,7.398588732689466e-05,0.0001018809577695275,7.685206365493073e-05,0.00010440149568887942,0.00012957817889340447,0.00013966583059691058,0.00012228126744043453,0.00012387853122790385,0.00019391477013743166,0.0001516557631369634,0.00011328547951483658,0.0001065979118864624,9.979225186151596e-05,0.00012216282215439335,0.00015267637546991877,0.000148734196298108,0.00016087603385655608,0.0,9.861508549803372e-05,0.00016248997843548252,0.0001404389331100183,0.0001228200305224157,0.00013312951553775371,0.0001213107424941384,0.00010591182726920905,0.00010159799291602217,0.00011742538365018986,7.552847664000478e-05,0.0001328401980641949,0.0001237327611659384,0.00010232901456949528,0.0001553004310193846,0.0001247957946708074,0.00015236941990211294,0.0001025635595820453,0.00011752115130947079,0.0001081427755312867,0.00011708636145703044,0.00013353201471105636,0.00014423022725243873
38,0.00014224321238951186,0.00013075397033472392,0.00018650044253444846,0.00010097509722333123,7.534439883740579e-05,0.00015832379534167084,9.058227615486411e-05,0.00011078147391317832,0.0001797342535065822,9.358420034471798e-05,0.00010399910817689908,0.0001526595073393455,0.00014332831557853213,8.050470321249405e-05,0.0001333632934089443,0.0001300101423025814,6.800476176635413e-05,6.474353902889281e-05,0.00013227709641952775,0.0001254406089700175,7.714304131006023e-05,0.0001485444157980677,0.00011116180249207918,0.00019214819769478454,0.0001842899790864694,8.095838774061202e-05,0.00014402566787756547,0.00010080685185240632,0.00015470024711543122,0.00012630310696715402,7.023593640268346e-05,0.00011479777928276076,7.613297325309469e-05,0.00014627197192287544,9.431809587117074e-05,0.00015520074312886983,0.00013565866711136082,0.00015025521705607777,0.0,0.00014257494750436663,0.00011109780876216794,0.00015593582551662013,0.0001112943997323119,0.0001113985592601207,8.884038370738814e-05,7.27033435401876e-05,0.0001261067488478519,0.00014418646064079022,0.00011823279404375522,7.625498822693083e-05,8.239056615827705e-05,0.0001010243249366034,0.0001006918634939909,0.00011236309968048698,0.00010343400092599192,9.581960303060145e-05,0.00010965696308182784,6.813636382825355e-05,0.00017271216987355467,0.00013603260633094564
39,0.00011689840818354892,0.00016765509071249083,0.00011948329597623862,0.00017562962163530173,8.552414246851636e-05,9.210615250968767e-05,9.929276094365544e-05,0.00018277060298804235,9.949554909822103e-05,0.00010903807750972029,0.00011599565770810646,0.0001462629245412832,0.00014105030735195653,9.831653775685962e-05,8.924757458675939e-05,0.00015334481248640492,8.472918216325381e-05,7.901352088111363e-05,6.871111330188164e-05,0.00012977501749307296,7.970700763495318e-05,0.00010776990465473901,0.00019179295118195426,7.924626337755167e-05,0.0001349923836595611,0.00012715936733220486,0.00016819038549091122,0.00022415550257774277,0.00011939065913823727,0.00012342352894133068,8.076701549574396e-05,0.00011062792289943404,9.239482526526437e-05,0.00014498583866599603,6.336323141196522e-05,0.0003077462354826523,0.00012562381439879794,0.0001752489135233756,0.0001977969940026408,0.0,0.00017140356615762505,0.00011244789964079937,0.00013869903518741862,0.0001852994458262842,0.0001340902789391532,0.00013660178004137234,9.795622072199924e-05,0.00010617098833980046,6.296890597296151e-05,8.134482409964786e-05,0.0001288323859048585,0.0001000796412805417,0.0001370217099888111,6.903504369727753e-05,7.117046746798202e-05,0.0001244425994536003,0.00012053765862361981,0.00016870570909362416,0.00010888098394443167,0.00014563170247077883
40,9.081584682238961e-05,0.0001254526222138796,0.00010485134664765217,0.00011730437620859257,0.00014781175982639234,0.00010083705276918088,0.00010045740763401352,0.00010925025932799065,8.526028375794919e-05,0.00020130492448675654,6.151981702821221e-05,7.921877989114137e-05,0.00012133882626576876,8.952766921189469e-05,0.0001436333697830768,9.440743422605368e-05,8.849040487510229e-05,5.534663626274319e-05,0.00012908789361898158,8.677755235345558e-05,7.645476722032022e-05,0.00019017296940091626,0.00011585648138087988,0.0001223122978679483,0.00011768026331371047,0.00011914337510551747,0.00016278768389734767,0.00016581001542751158,9.375706333460499e-05,9.367410223016452e-05,6.414108050684533e-05,7.505667121158265e-05,0.00011147340312726167,0.00012312981694852858,7.408166745017678e-05,0.00016587321132183286,0.00014728496246058253,0.00014391385933409378,0.0001435154691293273,0.00012188332231430418,0.0,9.762861331516377e-05,0.00016022234147140775,0.00012518118769626557,9.94718899423838e-05,0.00016648812088230697,0.0001360167104278227,0.0001861552022663429,0.0001266302526183567,7.074966779676562e-05,9.353334977077659e-05,7.998807368116059e-05,0.0001407175417437431,0.00013464704148697916,0.00016555725441016325,0.0001585549168925707,0.00019037207737967947,0.00017763427005103386,0.00013463907986134378,6.893706116716147e-05
41,0.0001665989304199416,0.0001017095860845076,0.00019641690709568292,9.508173907496283e-05,0.0001553987941661355,9.285928988252449e-05,0.00013408055602677447,0.00017882752073634757,0.00012348387712336127,0.00011604040680635976,0.00011619762797567993,0.00012033855712894747,5.8420732915745116e-05,8.19744136891482e-05,7.297934310980315e-05,8.503925078342965e-05,0.0001491774233851884,0.00011352762005916842,0.000100200304153797,0.00017218606879652466,8.782370299215151e-05,0.0001392362965085204,0.00011611747118306738,0.00010319443364079313,0.000117172607239712,0.00010453042947983446,0.00025833618973959655,0.00014847174439357974,0.00013964710756553473,9.394145728770419e-05,0.00013529453908441393,0.00011141518696657707,0.00013511562326432966,0.00016132878272889298,8.195225077788772e-05,0.00010276085579991943,0.00012559191550333472,0.00013200446765085122,0.000144829444573194,0.00011851032672622783,0.00011002329968165417,0.0,0.0001632717725708435,9.461314769540628e-05,6.93912684566992e-05,8.818371494055022e-05,0.00017278487918510812,0.00015676881624469166,8.187130704314985e-05,0.00015003763069937307,0.00012091916251660849,0.0001407821694085722,0.00019245985967299465,0.00019207117140873815,0.00013336361610276497,8.562781654451871e-05,0.00021162654234506737,9.38272573272487e-05,9.882151268818121e-05,0.0001573913336235432
42,8.461293622868247e-05,0.0001082624922267921,9.703013021832947e-05,0.00012069243015220435,9.098021190332988e-05,0.00013825023523002562,0.00010593386879149091,9.360435663725466e-05,0.00011757648639970095,0.00019760309220624898,0.0001568905844391848,9.073354797090438e-05,6.881296104849178e-05,7.398498420623152e-05,5.300376691382125e-05,5.8244812720023326e-05,7.956887740804288e-05,6.670515272515562e-05,0.00011605310434126774,0.00013733768425566552,0.00013456497631326875,9.028858047762994e-05,0.0001131140472736259,7.267619197834947e-05,0.00013666271882931458,7.162736407588127e-05,0.0001010187211289014,0.00019852889790103112,8.69159971789153e-05,7.299836706503618e-05,8.274735366422592e-05,0.00011884640757615535,9.646059182488896e-05,0.0001308723934725172,6.46767715839483e-05,0.0001444174208947996,0.00011369014859518217,0.000159995539296135,0.00013795624916973157,9.224872865972909e-05,0.0001868301594985052,0.00021269700875793844,0.0,0.00011903196547822451,0.00014469729501660408,0.00013079093848905233,9.184059470662889e-05,0.0001901089330736721,0.00010702190287181272,5.932051543113022e-05,0.00016218461759219524,0.00012102639172834702,0.00011037432221950112,0.00015720378608597818,0.0001230005573617636,7.201688266216242e-05,0.00013500553461569522,0.00014374686850452398,0.0002453241556705112,6.858348931649397e-05
43,6.0386566948346784e-05,8.605223651733497e-05,0.00016043781766354235,8.315994589917146e-05,6.202484101867263e-05,0.00013764839217821434,9.966272297747461e-05,0.00011126462802423201,0.00014115030283284952,0.00011310077074925744,7.263978880112746e-05,6.976307334066457e-05,0.0001698284435563669,0.00010078375215896132,9.208886507961228e-05,0.00010711908618125701,0.0001494170889464754,0.00015166789632931085,6.98303326112004e-05,0.00014173039110460927,6.136230825957902e-05,8.38467902111353e-05,7.803791600923987e-05,9.93949641794347e-05,0.00015630158003224703,0.00012525272304864704,0.0001319328199446054,0.00011320060870346577,0.00010637878393354687,9.238933721574667e-05,0.00010782935342300976,8.697889772081936e-05,8.565116030744204e-05,0.00011600321253370669,7.279843417276612e-05,9.986645544157209e-05,9.183075367204676e-05,0.00015244647431741928,7.293041758668478e-05,0.0001591630080336629,8.491726771198398e-05,9.769726939004235e-05,0.0001093243769372394,0.0,7.357923352384186e-05,0.0001204101052407515,6.697140262066823e-05,6.780697214169353e-05,0.00017202577953276824,6.014824210444005e-05,0.00011237206496995238,0.00012562704977253183,0.0001402821266108752,6.365819689043548e-05,0.00014077309553094528,8.772773316813976e-05,0.00012945230986065214,0.00016733232807631282,0.00016336398571349504,0.00011538568716862159
44,9.43375124056596e-05,6.230104631591374e-05,0.0001342649002594681,0.00011833074778649793,0.00010748473000380495,0.00011638699605320225,0.0001354196605044614,0.00019954006166116806,0.00016420860657120735,7.521360476190776e-05,7.829005781866546e-05,0.00011753892599396277,0.00011049970416863088,0.00016810808416096654,0.0001284211503748034,9.271473269735085e-05,6.810449672473964e-05,9.124043337534525e-05,0.00013170955572448993,0.00011993683279771618,7.936670065392283e-05,0.00012085939802439096,0.00014702416117207598,0.00010701240861679304,0.00010975887501956721,0.00012643563387587542,0.00014771387116554194,7.83149109324622e-05,0.00010032127473469367,0.00010685437440765414,0.00011264740509271982,0.00012737223671855174,0.00013510108028203012,0.00015170204484950123,0.00011445970664250441,0.0002065846154689159,8.966486704114202e-05,0.00013350424951055515,0.00014127448487968517,0.00011949429051091311,7.997348107385976e-05,0.00012941759968537427,8.858967845512818e-05,8.323756921361797e-05,0.0,0.00012254807374652123,0.0001611483211005083,0.000120963401238473,0.00010588544363792553,0.00010671246841664944,7.061317245749125e-05,9.929153070403768e-05,6.695406980431272e-05,0.00010586135631331981,8.515383224081786e-05,0.00016269129420018553,0.00012938947401742039,0.00011114992101860627,0.00014392730804479477,0.0001021165090025443
45,0.00010799513917216217,8.849983836788993e-05,7.234747891899912e-05,0.00012146599444577103,0.0001423038672832985,7.195350657306638e-05,0.00010402421210980209,0.00011694770297514155,0.00011110854880905776,8.57330617117988e-05,0.00012253789612665791,0.00017326398489767657,0.00010843325929133921,7.067295078023552e-05,0.00016506337590619405,5.446962935082221e-05,8.7735084865721e-05,7.987605139865053e-05,6.829746103243322e-05,0.000164056265160546,8.267735115199092e-05,0.00018152660922799137,9.841132727484097e-05,9.031552522916324e-05,0.00010355507308867309,6.899138774048007e-05,0.00012954725909803565,9.590766859731455e-05,0.0001109904263044979,9.030244842512684e-05,7.987585480111156e-05,9.190205804288108e-05,8.43009141075058e-05,9.910642421500866e-05,6.366658515479144e-05,0.0001423315566351634,7.449200735514654e-05,8.511420377379936e-05,0.00013822019247118183,9.114406112775038e-05,0.0001197531349008168,0.00018138905933028876,0.00014050074995850358,0.00010638855338054867,9.701798492451381e-05,0.0,0.00011937653278611619,0.0001348892030737696,7.492773186411355e-05,0.0001052465465614875,0.00017042440767726084,7.525601896475288e-05,0.00010773887854301647,8.114719571207297e-05,0.00010268168256371695,0.0001512033380921245,9.323572136791802e-05,0.00012515677144479665,9.506382579776285e-05,0.00013966425171933302
46,9.877758975715885e-05,0.00013636182949164447,0.0001314447532493065,9.649720779590492e-05,8.528333051475068e-05,9.912229394325989e-05,0.00016491098161254506,0.0001037864520118206,0.00010499514627038481,0.00011518299632490452,6.849564509037829e-05,0.0001054911957870992,5.830475329166804e-05,6.44155465309534e-05,9.500121369387872e-05,7.689660299813045e-05,0.0001326123194092259,8.322336049721215e-05,0.00012638820221482627,0.00013446944098968565,0.00010203245677203301,9.569300055850861e-05,0.00019225422047299993,0.0001465960200089856,8.15795071818667e-05,8.073508351860481e-05,0.00011572530958391183,7.823385127257983e-05,0.00016001593184944034,6.910733754684149e-05,0.00015165146832859272,8.44730435017928e-05,0.0001000406040060195,0.00010676767162037677,7.247945741460468e-05,0.0001474716994872192,0.00017169129414316636,7.458282908195497e-05,0.0001783279186459015,0.00011411574239883565,0.00013579063788038973,9.721353292938608e-05,8.424377264637212e-05,0.0001502545699926343,8.456117209999058e-05,0.00011526995235148775,0.0,0.00010131690546233838,7.654647826519456e-05,8.156476751820383e-05,0.00018055525556319934,7.602710715537405e-05,0.00010254136391712467,0.00015638383878990804,8.151308153398142e-05,0.00012218148880465733,0.00017200208454708134,7.723109786134557e-05,0.00013045054167475114,8.840074161845119e-05
47,0.0002020434051611842,9.011529770157471e-05,0.00010851618896185197,0.00011129981912402267,0.00011090210668875271,7.483093093639617e-05,0.0001170814150457806,6.574289476230622e-05,0.00010350492910879511,0.0001414896865117718,0.0001075858461937334,6.639499014099818e-05,9.364392693482376e-05,0.0001305897218677699,8.226830775755764e-05,0.0001234631582084458,0.00012780817829353833,8.821202961546708e-05,0.00011965756284480793,9.7758184071355e-05,7.025788910696911e-05,0.00012159475044219508,0.00011143963217464092,7.324489565665237e-05,8.310827962822951e-05,0.00012103370176028665,0.00016326408593082725,0.00021898064994786486,0.0001343726686650981,0.00014703933157609616,8.998595179525181e-05,0.00011398238738959066,0.00012318187755586113,8.873474728527037e-05,8.573554247883291e-05,0.0001242769349137943,8.325783711600273e-05,9.71814007917301e-05,0.00010941678004867424,9.540206897410385e-05,0.00011081577083292953,0.00011154174317382545,0.00017729752409791853,9.288361571379166e-05,5.957209373904085e-05,8.204425218554312e-05,6.974299804131285e-05,0.0,0.00011913269547630199,8.47462998992063e-05,9.918688845818352e-05,0.00015533387032159895,0.0001432216057664895,0.0001610802227993387,0.00011595853014637998,8.386673427859526e-05,0.00013030315489278923,7.171450237016768e-05,0.00012914110120545435,8.117350552437987e-05
48,0.00014280307338697293,8.311829596013251e-05,0.0001519817552710251,0.00023107560382117995,9.982489369513508e-05,0.00017535686059436112,8.774217047822168e-05,9.629894483781602e-05,0.0001063221991529439,0.00013733615631619848,0.0001314654143447828,7.876378208677451e-05,0.0001232912140225703,0.00011690224381152891,0.00011264956418203898,0.00012708545519515507,7.373059941307099e-05,6.756060972379525e-05,0.00011750777660587531,0.00010588702901101962,7.803396546736146e-05,0.0001583847489204931,0.00010682037854205012,7.844329203588828e-05,0.00013519395964709427,0.00011201723808407636,0.00011996842802773558,0.0001239591999242506,7.781376337429983e-05,0.0001150269412418154,0.00014111276936385207,0.00010569334654060805,0.00013545087085135008,0.00013923794876030132,6.579707082143888e-05,0.00011171570877557322,8.979951665629896e-05,0.0001108403935034288,0.00018168551040208519,0.00010996414425148252,0.00011173438366514672,0.00010155136260876023,0.00010674862069531652,8.158851849887879e-05,6.484432734488185e-05,7.310975971537573e-05,0.00016928057838409992,8.564107296556979e-05,0.0,8.477708952151914e-05,0.00012664163105337108,9.640318659771125e-05,7.330206218716676e-05,0.00011269916467679747,7.99457974715645e-05,0.0001345213103747023,0.00011423232579236653,0.00010938346816160389,0.00016392999552765597,9.852348686803228e-05
49,0.00012754415193162312,0.00010788449159989531,7.550761845721878e-05,0.00013230890587610471,0.0001243091944744925,0.00011913968601670458,6.833143542598381e-05,0.00021595297100889942,7.58768702929309e-05,0.00010142307145047945,6.585603347206816e-05,9.910294815894433e-05,6.0130359986810315e-05,8.588192449968949e-05,6.979111635827323e-05,7.794203717725535e-05,8.768244026798668e-05,6.15222716104043e-05,9.682405191316159e-05,9.239729730438318e-05,0.0001471242138547566,0.00014044330288855562,8.69952357507677e-05,8.813967934633863e-05,7.712922695716233e-05,0.00013839555352157897,0.00010719254612636356,8.762475593155426e-05,0.00011721941378086285,7.149493566866274e-05,9.505997288666789e-05,8.578939496662843e-05,0.00011642933875779884,7.505402595646571e-05,0.000105933285117618,0.00010528225478380038,0.00011110797856416928,8.702556479790635e-05,0.00014171502278800916,6.401058868931655e-05,0.00013513764161713447,8.834362617365803e-05,0.00011436430607215191,6.709058206614063e-05,7.297681069050857e-05,9.710795243698493e-05,0.00018799172455709912,7.702772856812058e-05,0.00014314209984186272,0.0,9.263258939366682e-05,0.00014296731973211047,0.00011122483526769989,0.00012745293589204926,5.878333405889168e-05,7.941400105107171e-05,8.577093323120931e-05,0.00011788503586917743,8.606081981418896e-05,0.00015318233134346045
50,8.795960434147796e-05,0.00013633178045036452,7.330197321949461e-05,0.0001511870498117682,0.00012381580865047478,0.00019752819718139397,0.00010664608679861912,0.00012769397444271593,0.00011283093312978837,0.00013800135136282215,0.00010775767211998314,8.01136490295475e-05,6.620586408601557e-05,0.00013742047470647993,0.00014616257000988825,9.566258086652336e-05,0.00011215174523935005,0.00010193525018675493,9.119206526651182e-05,0.00016691175662299497,0.0001366963043172356,0.00011741896048073605,0.00011438747018095167,9.39329903005234e-05,0.00013233808070175639,0.00010694764708968269,9.144314504659886e-05,0.00013093170064168742,9.50484767064503e-05,9.919811472001762e-05,7.520900708425597e-05,0.00014766762001830003,8.582728397119614e-05,6.662115829498362e-05,6.806573696342019e-05,0.0001246866906832518,7.954424760772982e-05,0.0001687924032338653,7.478169509159979e-05,0.00013668698410334234,8.663013471997662e-05,0.00012365683788529065,0.00011574572441574779,0.00019107602285770462,0.00012147732494164159,0.0001570800888025619,0.00016286724979246639,0.00010535807577347975,9.722584527608412e-05,0.00010260931360642705,0.0,0.00019876244187208065,0.0001604188656725205,0.00018445653541590304,0.00011476167914451501,0.00012448564966026547,0.00010051988822091433,6.727676229581909e-05,0.00012888098523853054,0.00013289868338430474
51,0.00010520518040496766,0.000130445548304908,0.00011624397301043464,0.00016823636241526657,8.240426133360839e-05,0.00011546143912185498,0.00010732832076106852,0.0001235677275720514,9.449905703695207e-05,8.034577536435836e-05,7.714011526205416e-05,0.00011598701042971486,8.777930306790642e-05,0.0001592121440175411,0.00011828206858398542,0.0001866825393694842,0.00014322883046350405,0.00011266106162243653,0.00010753827564579757,0.00013420421244159014,6.620817832159368e-05,0.00011500580870887042,0.00016471262156917836,8.530195354946862e-05,8.826623518019834e-05,7.7871996699326e-05,0.00017619051229283424,6.626518203039055e-05,0.00015311873896426897,0.00010876934975806981,8.840867550627391e-05,0.00014919697595926426,7.177860019805905e-05,0.00010573323189372448,6.425664646878495e-05,0.0001822125263201449,6.601887409622646e-05,0.00013294884104588634,9.547460877000889e-05,9.846073509673683e-05,0.00016278688966980782,0.00013325366810251567,9.814199938771348e-05,0.00010746595504465411,0.000105583346346775,8.148629077016828e-05,7.685520806401146e-05,7.798137312544521e-05,8.02989971135923e-05,8.047296857025614e-05,0.00015549120574112008,0.0,8.495022413045281e-05,8.042531734831698e-05,0.00014498299027514933,0.00010268735411864648,0.00013924470472754047,0.0001585719915420507,8.552601536873692e-05,0.00013083278916886545
52,0.00010195834427822265,0.00010572379984240222,9.846724192667031e-05,0.00011379169841655836,0.0001664488538382538,0.000208361399911336,0.00010888655898631824,0.0001702467519216754,0.00015594079056077163,0.00012843645302953693,0.0001373698762289535,7.725571697523056e-05,8.27281450645385e-05,0.00013696812131489325,0.00013651066597906712,0.00016309008226837265,0.00010472052887363613,0.00010556855615825815,0.000139584924911502,9.106924992114462e-05,0.00011385269353189967,0.00010764271064065107,0.00013616350505352257,6.989895320919667e-05,9.707618671558625e-05,0.00010443543622915368,0.0001318040811876272,6.690170030470522e-05,9.613398711381951e-05,0.00017764883549221166,9.590514686759996e-05,8.403613149937295e-05,0.0001149717296241898,0.00010348264573044411,8.421383750672757e-05,7.144171027831127e-05,8.224234050634913e-05,9.54293191578462e-05,0.00016945103572294746,9.656927441907852e-05,0.00014122857483147945,0.00012014340065016435,9.975208403508625e-05,9.70645712836773e-05,0.00011486603750675155,0.00013203085923719306,0.00015444805436242435,0.0001639445042229196,0.0001547693572665198,0.00010352153437136095,0.00018214949969381095,0.00021345749565760783,0.0,0.0001369378179302942,0.00016261082227700226,0.00015057898540457386,0.00023129777832616835,0.00015930850432154106,0.0001203674101585648,8.55639527911949e-05
53,6.768674892852858e-05,0.0001184930661893792,6.73659827493796e-05,0.000115934898336765,0.00011094881729059056,0.00011063280220717063,0.0001311802531006687,0.00014226526132186243,6.605545996256019e-05,0.00018942088264571488,9.710993643426349e-05,0.00016628022537141772,6.916358968277002e-05,7.162344331257494e-05,0.00011953029793124496,9.642566591195755e-05,0.00011066766307747349,0.00014622369708317944,9.234452570156919e-05,0.00010096839507577622,0.00012472253094988314,9.416004494949049e-05,0.0001124965552714082,0.0001244485080062976,0.00011584391463121458,0.00013437644136615726,0.00011447711137994194,0.00015273281621388225,0.00011132145871961317,0.00017676817901683868,0.0001814962254847255,9.809523234364849e-05,0.00014371217677902766,8.535199487060391e-05,8.998983138024376e-05,0.00012998799552905869,7.024131442273205e-05,0.00015321573041626363,0.00014964040504682118,8.956265970616744e-05,0.00010632391288915167,0.00014445393792745245,8.196273908396734e-05,9.831851668121648e-05,8.880790529544274e-05,0.0001289898197139777,0.0002603923748111316,0.00012666742978228144,0.00011636909576623573,0.00016597694362031518,0.0002476191822258307,8.416645472593115e-05,0.0001855975350444484,0.0,8.227327864527823e-05,9.878732305753984e-05,0.00017305956852608568,0.0001403369248422101,0.00016809394188717884,8.056228908227346e-05
54,9.803739928370755e-05,0.00010187472237711278,9.817528236377292e-05,8.084979201202378e-05,0.00011617482998943924,0.0001715955866055166,0.00014526982304083298,8.943146267772028e-05,9.935589326758127e-05,0.00014410081795490686,6.052281390437952e-05,9.688812753947727e-05,9.223146408313555e-05,8.842190013536398e-05,8.53997799940733e-05,6.759924370807008e-05,6.550121691714944e-05,0.00015117629744808734,8.481643954092632e-05,0.0001238903219665768,7.950532261807866e-05,5.600756741653807e-05,7.721949484166303e-05,9.676958721746127e-05,7.655898883186292e-05,9.564159433377186e-05,0.00013979938214618017,7.782116521658413e-05,0.00010701081892818833,7.621023643493657e-05,0.00011739801527443394,9.525583560705495e-05,7.955816575652545e-05,0.00016961188089810447,7.238404262209902e-05,0.00016845250752936752,0.0001690644973225224,0.0001314627703175348,7.151862708290946e-05,0.00011504713893636871,0.00010577521290486236,0.00010018365387655098,0.00015041322670174482,8.408803071233246e-05,0.00015222261539256021,0.00010144330735260213,9.387370348072631e-05,0.0001006025108575667,0.00012001826823666266,7.729533854369034e-05,0.00016398080262487643,0.00014240063375815651,0.00010576210055020558,7.938418385879695e-05,0.0,0.00016335161681412845,0.00011833684319093264,0.0001455833441615876,0.00023552475491021586,7.32529972117433e-05
55,0.00016994254829817059,0.0001276981560756032,7.562850726747617e-05,0.00011507390459389328,9.759052059611347e-05,0.00010878370882503592,0.00010909315300233788,0.000119810024569126,0.00011011111121916969,0.00012224346352749865,0.00010645553460167429,0.00010099887163594629,0.00011887768119539325,6.370876369594982e-05,0.00011634449420428571,0.0001280381012573673,0.00011988793875151353,0.00011294349706673805,0.00012480808701309496,0.00011705920107975046,8.941711486913326e-05,8.547050961524889e-05,0.00013982529265717933,0.00016485350794068492,0.00011055939620587031,0.00011702956716487685,0.00014078450599526934,0.00013150926246539163,0.00010341584421846916,0.00011399802949143469,0.00012186989584833756,8.998469537389398e-05,6.123519404494719e-05,7.841799847067699e-05,7.507150479069626e-05,7.715552355109221e-05,0.00011573412355098897,9.661839198385467e-05,8.553136649209776e-05,7.568778933917875e-05,0.00011518240646949989,0.00015460183955062385,0.00011524545865385776,0.0001399161006160773,8.026763867241555e-05,9.160581566799152e-05,0.00011860032036801925,0.00013554715590513542,0.00018056372828535036,0.0001535955632960475,0.00011111862715312677,0.00011094402638767259,0.0001250790510632646,0.00013768599608015406,0.0001056007477099572,0.0,9.647189893707603e-05,9.776498228220383e-05,8.341151712672868e-05,8.100000123941844e-05
56,0.00019895244192665411,0.00011836335201713857,0.00019083242617294683,0.00015136787265676436,0.00010775807011470128,0.00010484039903036465,0.0001357734204806072,0.00013444919532194812,9.329551120150821e-05,9.577288329792706e-05,0.00011444426701116839,0.0001773595043416354,0.0001542637099114046,7.818513975294855e-05,9.520841407908039e-05,0.0001035773791276874,7.127415582242125e-05,0.0001237865569810153,7.236849999658683e-05,0.00010129376572362796,6.75057660953644e-05,7.052310230956009e-05,0.00012237677242648835,0.00010828633972028005,0.00014097205840206856,7.15474827821563e-05,0.00014495210816983922,0.00015888749085415254,0.00011863959508768787,0.00011816875296030493,9.57846475265798e-05,0.0002184245874244339,0.00013632954247368064,0.00011241428068476582,0.00013288412390038642,0.00010590592040521718,7.83748127235858e-05,0.00012696839329892924,0.00010351793919582881,9.906018861512343e-05,0.00016911374022063992,0.0001052241664630855,0.00010249068502610564,6.82927101621153e-05,7.689619090960069e-05,0.00011789061740376095,0.0001277561622859121,7.209663977463573e-05,8.029668325365337e-05,0.00011337639471076705,0.00010262674530723988,0.00011652520780254384,0.00015029965472281793,0.00015779391449674744,0.00012999238059413861,9.890154356142407e-05,0.0,0.00018179522675255548,0.00018182546603464714,9.019031975532301e-05
57,0.00010944671173224872,0.00018350442352064067,0.00014959444887468473,6.911710744627851e-05,7.768436375516695e-05,9.133366323103627e-05,8.588281159161695e-05,0.00018003906246021297,0.00010345050470558456,9.65884598525333e-05,0.00011809716037735714,0.00010840574410016819,0.00012785656814668077,0.00013516572634143562,6.0604903152221146e-05,6.562804575102225e-05,7.285854739104781e-05,7.160074194005473e-05,0.00011686179190193123,0.00015122400558822632,0.00016322323319860473,0.00012414757471726964,0.00012271934882176466,7.13183569543528e-05,0.00010980758503862165,0.00018351798330025173,0.00011605337906251023,9.635895673419342e-05,9.019467248247334e-05,0.0001144599360433377,6.902251308867241e-05,6.955314019972058e-05,0.00010597959541266763,0.00010935923874797565,5.8686721811513426e-05,9.005250602753751e-05,6.869599930551318e-05,0.00012665960042599313,0.0001817873784494198,6.46742590169793e-05,0.00013789890371252456,0.00011459338479433374,0.00011934222443140735,0.00010196230583424257,8.973776697816833e-05,9.586867357708065e-05,0.00011961975632065902,9.891431538442888e-05,6.639514880245367e-05,9.638140084773295e-05,9.508276651802056e-05,7.808939603202182e-05,0.00014019739001920465,0.0002339263024805137,0.00010627639930198304,0.0001010383981823243,0.00011347604130553009,0.0,0.0002664213742517766,0.00016408497713562187
58,0.0001522969822798202,7.14075736144767e-05,0.0001491649689310966,0.0001314678566526459,0.00016588790942335518,0.0001722420395695458,9.224309314393793e-05,7.578142831782936e-05,8.001671316091169e-05,7.437673326771728e-05,0.00010482691001136982,0.00010673244179207198,6.208989498796795e-05,9.531715276097251e-05,0.0001058867998238869,0.00011211728969899912,0.00012285829478236597,0.0001884608411422296,0.00015570702792455667,0.00010599765882034349,0.00015418648592479493,0.00014995747699371274,8.117397432477573e-05,7.38187600319174e-05,0.00019585463948145607,0.0001076340665590133,0.00013409999139649993,0.0001109017940930433,7.077358425588539e-05,0.00010360687567397234,0.0001248392518098717,0.00011979802138095412,0.00010662130310011687,9.069924649778915e-05,0.00010162257985304528,7.972276938116883e-05,0.00010166390837592826,9.314610438422563e-05,0.00010508428293022253,0.00013450938942857952,8.634143613052455e-05,0.00013439728309961257,0.00010799667555641341,0.00012444306622482154,0.0001414112970647109,0.00013453411646236775,0.00011015005971055998,0.00013151251972975283,0.00010090220707009271,0.0001270205112107205,0.00014068827173666302,0.00012416980824792433,0.0001281033803140951,0.0001403828552949476,0.00012650303813626376,0.00012138141450039299,0.00016440728630155423,0.00012450200376522153,0.0,0.00014600281967771131
59,0.00017922281977262683,9.978041376398921e-05,0.00010064051608146726,8.295219811150858e-05,0.00011967854684479978,0.00011281539489038037,0.0001488495785086159,0.00013673826003480396,0.00012509074763644406,0.00011287273580563455,7.00312876983643e-05,9.758716800160601e-05,9.851593354541917e-05,0.00010875997011213711,8.117385381796413e-05,0.0001200966031254963,0.00012886482740908872,9.476956376400827e-05,0.00010002096435921974,0.00011119271634839486,0.00010149858092089153,0.00017933284720279336,0.0001818821175263058,0.00011118735918994771,9.869092212603612e-05,5.972601610656468e-05,0.00010938347974673627,0.000145267841551777,0.00011952439533097587,7.330967852461529e-05,8.630312247249789e-05,9.018803955986217e-05,5.912084650145675e-05,0.00014127330810628395,0.00011393988791312742,8.894049340342238e-05,6.634237824143024e-05,0.00012366151170083408,7.364628081063934e-05,0.0001741332910230686,9.226725853162539e-05,0.00010034674904520538,7.831183444310976e-05,0.00010026183047149036,8.687706609064517e-05,6.472883792704816e-05,5.694540689591415e-05,0.00010935149508249706,0.00015015550113316758,6.286191480547576e-05,0.00011470044418610524,9.577647131788581e-05,0.00016280087614221664,0.00010183264418022542,0.00013813188290436726,9.823736619853471e-05,0.00013985943549369708,0.00010530399341421924,0.0001370393547404218,0.0
