,0,1,2,3,4,5,6,7,8,9,10,11,12,13,14,15,16,17,18,19,20,21,22,23,24,25,26,27,28,29,30,31,32,33,34,35,36,37,38,39,40,41,42,43,44,45,46,47,48,49,50,51,52,53,54,55,56,57,58,59
0,0.0,0.00010596195523005284,7.572778505290986e-05,0.00012584555117719026,7.991280007689742e-05,0.00018079104159290777,0.0001651519688426854,0.00010926145933863332,0.00019056180012251965,5.670492055410605e-05,0.00010519923345419133,7.733942917525488e-05,0.00012419531118376117,0.00016451967639720272,0.00017239747708718784,0.00010083631764412023,9.210294007992509e-05,0.00013968309587369528,0.0001147421578340911,7.54888179522754e-05,7.85357514326571e-05,7.657007981130083e-05,8.158858638282052e-05,0.00011293300847465159,8.161927634713049e-05,0.0001006070266557744,0.00011263053926071448,0.0001246426998230806,0.00014237756034781885,0.0001455452343650892,0.00014764544079736008,0.00015839280022496475,0.00012635287049581254,0.00015441413589795767,0.00015052067943667217,0.00013395477279927795,0.0001503744633596058,9.649658491793792e-05,7.811133564142383e-05,0.00013311369258902248,0.00016422016578703937,0.00017174311919464452,0.00013161187296138456,6.629376498540118e-05,0.00018397544709231067,8.506708149457705e-05,5.796578352323756e-05,7.55568191245202e-05,8.750367449282767e-05,8.272161406974516e-05,0.0001281139567267162,0.0001397778408787388,0.00012459906338375382,0.00012883141180633603,0.0001147308553439899,0.000107782645054174,7.640338308716864e-05,9.203509158817611e-05,0.00011214918996677302,0.00015263471793700253
1,7.141827496483036e-05,0.0,0.00010739860098132515,7.781907980426416e-05,0.00013161310389451394,6.809579867482329e-05,0.00015148531229612953,0.0001488320700250177,0.00013050611689411693,9.950128932097719e-05,5.920432631982256e-05,0.00013844188461208427,0.00010236674305747856,0.00012114233635962009,7.80866200115001e-05,0.0001224919386401245,0.00012483610106539566,7.759863860266143e-05,0.00012540928592940143,7.707728263982534e-05,0.00014618902364085118,7.663587359053387e-05,8.609110284884432e-05,9.608471243498714e-05,9.416157066001366e-05,8.201471991950902e-05,7.473150725216277e-05,0.0001235423796514877,9.851908951149224e-05,8.656331971864086e-05,0.00011122991902479114,0.00015434370626482558,0.00013180844616273728,0.000130311503996722,0.00011352001682244238,0.00017649198078599718,0.00011374698897951527,7.078478772492449e-05,0.00011436157401347798,0.00015291484360234177,0.0001330560038264489,0.00010947953571412282,0.00018116212228191055,6.082224360717834e-05,0.00016881234540034505,0.00012219015736338076,0.00015362976081513007,8.711038072647386e-05,6.991121248458349e-05,0.00010888559754947234,0.00017607292988353092,0.00010765162241140714,8.124551154707755e-05,9.62559589038018e-05,0.00011191484341041785,0.00019154078087370112,5.357824865176145e-05,0.00010081017211697277,0.00014505940692360677,0.00010775930462083249
2,0.00012378079804473523,0.00012069789518686797,0.0,9.132614079926955e-05,7.405050114970288e-05,9.000599836843301e-05,0.00010321665267072136,0.0001273073813495797,7.010517832461181e-05,0.00016121705408684024,9.288621815172577e-05,0.00014937817807858793,0.00011461866387055642,0.00014215983209958262,9.783955848959558e-05,7.924346796106896e-05,5.900395878889433e-05,0.00010987394700981255,7.741662547017947e-05,0.00015032448006409608,7.10101606469308e-05,5.2599430451744726e-05,0.00011353556318263788,9.194028805498029e-05,9.909539686048763e-05,8.155677330740887e-05,8.27704089049898e-05,9.609738380658214e-05,9.479801264171968e-05,5.4975939061191e-05,0.00013146725002279803,0.00010005256143173495,0.00010685606646946847,9.119626008682367e-05,8.235993869577954e-05,0.0001986460510110521,9.836298548295649e-05,0.0001555458391960855,9.26891619086034e-05,0.00014844305368064438,0.00012245824648596208,0.00012299858010614653,0.00012515497210586774,0.00014236882734159606,0.00013960319327670418,7.837939795473227e-05,0.00012176713997209766,9.901322086935058e-05,9.899634029741104e-05,0.00013639362347161825,6.939545663298203e-05,9.934210658142925e-05,0.0001390944391168356,9.056987647046391e-05,8.188201129400712e-05,6.998064340354251e-05,6.0820719443709404e-05,0.00010450186707112949,0.00013536678951861194,0.00011739849538752632
3,7.742179920028918e-05,5.688178220365735e-05,0.00013890529046290068,0.0,6.661643236513342e-05,0.00015617837751295482,0.00011460077853656683,0.00011072048836681476,0.00011902224940301938,0.00012185290260451722,0.0001307793125018757,0.00017193478099989344,0.00012611270068972133,0.00012556491657169863,9.861191762528725e-05,7.341284497457022e-05,8.876626367799881e-05,8.673320299969271e-05,8.567418309452325e-05,8.4283593017397e-05,0.0001256213927491259,0.0001777073548014843,6.100952691959211e-05,0.00013092926156536725,0.00014195500878549735,7.356799346161974e-05,8.610455297823176e-05,0.00011141528303734977,0.0001343879706662693,0.000110388929854386,0.00013718243330090426,0.00020805628838717772,6.939501469236963e-05,0.00010102572154175544,8.447768525165835e-05,0.00016505789382681955,0.00011623397604123804,0.00018387084441394495,0.00013158369522025328,0.00017089217325373071,0.00012850813974094155,0.00011679599359809778,0.00010111312261320391,7.25982342481457e-05,0.00015382913242786226,0.0001376102717154618,0.000121107762864423,9.524389522734433e-05,0.00012541945162481395,0.0001517837274630846,0.0001594189200691133,0.00011245809479014175,9.957051986956679e-05,9.676461814512829e-05,9.39357638216046e-05,0.0001041224277344885,9.242688653902761e-05,6.449706742492886e-05,8.934053831693058e-05,0.0001073412024835962
4,0.00014458303239624988,0.00011043761412675975,7.380048097238326e-05,0.00011708070573643599,0.0,9.221367926880751e-05,0.00010945598688777175,8.523631205571591e-05,0.00013206612168715178,0.00015921351091767956,0.00014250091510133772,0.00011629085605398269,0.0001137977395714076,0.00012526711091041527,8.929305715988052e-05,7.2633887704414e-05,0.00018136522627553006,0.00014665633983430105,0.00011066440119070876,0.00017161600383429844,0.000102407011967443,9.299974790728171e-05,7.77813481875469e-05,0.00012086195662991083,7.888002511288198e-05,5.9440265952948236e-05,0.00014348734856737725,7.134947092604075e-05,0.00011998538443013007,0.0001379753973224728,0.00014758330880681507,0.00015877260671412098,9.718225085784733e-05,0.00013326173630241771,0.00010966887034966679,9.184281352753193e-05,0.0001815362872786535,0.00011846467790677054,0.00016417537320428734,8.943271347901854e-05,0.00011297296289167562,0.00020500504684308813,9.556399412932486e-05,0.00015606531414525762,0.00010841760084334517,7.862911796550495e-05,6.942624663322686e-05,0.00013503501845593753,9.691168770984736e-05,0.00011829824498055372,0.00013594298607726,0.00014647700264728327,7.123863490659865e-05,0.00017500161892318542,7.338494991702659e-05,0.00012881177657341603,0.0001921260033425303,0.00012800953453477983,0.00016649016166537202,0.00016262190765093748
5,0.00012821716399531803,5.613750529850045e-05,0.00016721619718395867,0.00010975984250111927,0.00013080493860090803,0.0,0.00013323519928168663,0.00010155527793614117,6.898409825708181e-05,9.100471081365892e-05,0.00014741592931542908,0.00011140593405833949,0.00015410619526341266,0.00012012528846596472,0.00010378279998172036,8.063559251969347e-05,0.00016411024822499115,0.00013166157853816763,0.0001296628431040732,0.00011475107791137525,9.701204140896538e-05,0.00011474716479405367,9.919941861607503e-05,0.0001207390044746608,7.812142821274486e-05,0.00011531693486800235,9.956819332500185e-05,0.00010471808756396362,0.00010939696307302334,0.00010898622031025814,0.00018188818366580444,0.00016934142934070333,0.00012663306538092416,0.0001840014274048225,0.00010189759235641212,8.424704427609281e-05,6.872393168679172e-05,8.832132471478974e-05,0.0001583444377244567,0.00015237338755605024,0.0001492204655176019,0.00010003695662234189,0.00016419064197826716,0.00011833160530924637,0.00014953713758222671,0.00011332408587075739,0.0001466933680851034,0.00015074295186247368,6.780467952074777e-05,0.00011477165382722403,8.537675195489863e-05,0.00017214346429598033,0.00011068658280937212,0.00011278826766979553,0.00015049689746689387,9.502505157015923e-05,9.03619938947744e-05,0.00012794629316932227,6.6926120271245e-05,6.297104173574911e-05
6,0.00011783290815171178,9.348345517029809e-05,8.922784216593705e-05,0.00010358447305147019,9.417125924084157e-05,8.599634290848231e-05,0.0,8.063267925924455e-05,0.0001339413236207171,0.0001344563021984726,9.935465115257755e-05,0.00011563069416237927,0.0002424887239037006,0.00012218125310732464,0.00012269864304852046,0.00012964996366056014,0.0001481486840193559,0.00011698041470104138,0.000124843577003941,9.322363263852025e-05,9.185327150019352e-05,6.519031591363053e-05,7.283588940880442e-05,8.713770527528766e-05,8.450396169414758e-05,7.121270035669611e-05,0.00013142310113370106,0.00011700037780742784,0.00012747062064357134,0.00018264423639028705,9.542619152753273e-05,0.00017115999905798835,0.00014410140427073803,0.000162638569142024,0.00013611247818755032,0.00012553506215125926,0.00011952761931910123,7.398890541192019e-05,0.0001408607025756113,0.00014240834863785232,0.00015092283248233708,0.00010618369998589963,9.586499388941801e-05,0.00018706155405986822,0.00012550323159301173,0.00011717131889810021,0.00010484445416899629,8.65832832852045e-05,7.285161917525902e-05,0.0001836148991355159,9.82177885319646e-05,0.00013359830374643902,8.633856042329052e-05,9.210001948002233e-05,0.0001746617276350349,0.00015105575658943816,0.00015981453946867024,0.00011748996938938575,9.429415589489015e-05,7.058625396714934e-05
7,8.47889283550183e-05,5.2768830113496144e-05,0.00010508038582184808,0.00011874985017852004,0.00010431554582047579,0.00010143973582082495,0.00010926370240881285,0.0,0.00011787372752291878,0.00012808462034107884,8.181278632672398e-05,0.00020057869853106665,0.00020518361270811298,6.055287228025334e-05,0.00012283447926698124,7.992446680759439e-05,9.660721030370737e-05,0.00016092307621013574,0.00010080491026694997,6.930586848091735e-05,0.0001269589470783737,0.00011005818959389296,0.00013248544298436255,5.6501756898192803e-05,9.803333315314675e-05,0.00012219608098170532,8.990801111854953e-05,6.578136520715266e-05,0.00016021618837376835,8.040074018266404e-05,0.00016103595033260722,0.00012099426602474999,0.00011014634190279136,0.00022699507595254405,0.0001130669054957529,0.0001325797852292842,0.00015989909606825434,0.00012811229687733063,0.00015440440703127126,0.00011662932807362278,0.00010233651610285967,0.000170462998003244,9.903751772044176e-05,0.00010985303016013362,7.105717187036812e-05,0.0001007724762766654,0.00010570932616449662,0.00010567268465331729,7.343493626974396e-05,0.00013476518713069735,0.00013461611728186,0.00010965941204438616,9.226933076987082e-05,7.373784659987055e-05,8.149314350658093e-05,0.00015405631606571596,0.0001417788646376025,6.10404473752406e-05,0.00010870553106766244,9.528235071683295e-05
8,0.000118724183080569,0.00010776818410530411,0.0001422152179743699,7.931825515799434e-05,0.00010620568276981415,0.0001172117696780233,0.00016604014286308896,9.486690624079857e-05,0.0,0.00011176613029515544,8.331152863095291e-05,0.00012588473888520214,0.00010319709759949979,0.00013698764874448146,0.0001492403635061131,0.00010082666162028159,0.00014938416976525144,7.109843367486952e-05,0.00012869494240933611,0.00010631284970800701,0.00014302762400454443,0.0001330111341819727,9.208985691711782e-05,0.00015660359712081515,0.00010691498759651082,0.00014605204042356993,7.202036480744129e-05,0.00013052108029375787,6.560835662916877e-05,0.0001496310557365881,8.791132414987778e-05,8.10480295061503e-05,0.0001162694885548203,0.00011669164526458941,0.00014109049022302157,0.00013063384098846315,0.00010422221443852228,0.00015573501130209354,0.00013579774806752362,7.343104330178423e-05,0.00012427224326411318,0.00011442420918633904,0.00011075636855699922,0.00012234559390221234,9.153944828211621e-05,9.356108744814272e-05,8.845627415996033e-05,0.0001492819167386973,0.00012645903772612123,9.905914588214924e-05,0.0001523670647038527,0.00013547326122834312,9.575701056148545e-05,0.00013906792689031476,0.00015607845425566976,9.627329100049228e-05,0.00017416068071939727,9.118813486716065e-05,0.00013973714638082366,0.00012644588345900575
9,7.604830840765141e-05,0.0001389434452808085,9.926051433999545e-05,8.857060884110348e-05,0.00011501588168055956,9.227206422810761e-05,0.00010734006702970949,0.00014851381553518742,0.00014536954281000114,0.0,0.00022431206019704958,0.00013090584037857067,0.00020423827956178762,0.00024722805972222033,0.00012808159902348465,9.905388376160371e-05,9.440727446858664e-05,8.575380824800321e-05,0.00015333446327471352,0.00010256997261459318,0.0001388151653028316,9.110711918092828e-05,0.0001117311894627952,6.521198868197171e-05,9.420982936792723e-05,0.00012035862405688869,6.757756687865328e-05,0.00013026853809463068,9.35837255994965e-05,0.00015437437772352665,0.00010967448752951227,0.00015245055668237998,7.46012113494216e-05,9.825702294108251e-05,7.311776910805319e-05,0.00011483225350248327,8.955676482926673e-05,0.0001984248841240243,0.00015313222893205395,0.00010197776315067761,0.00015274534725297432,0.0001438500907048516,0.00012609267817523752,0.00011848465230614545,0.00010648431340810193,8.955470862862571e-05,7.969008706315739e-05,0.00012544939673684986,0.00012938369154280162,9.433555891938852e-05,0.00014529485555595266,0.00010757446993155939,0.00018115606566492223,0.00011454079828253678,6.091353365849274e-05,0.00010456765608167406,0.00010560562694696428,0.00016800134599275496,0.00010961794719071325,0.00010445201484507686
10,8.029978366093585e-05,9.244402296904154e-05,0.00010709889501758168,0.00012068049777929354,9.973315378097836e-05,7.365822083679849e-05,0.00015980389478656434,9.232065568984308e-05,0.00015802102876304964,0.00012519256720887036,0.0,0.00021713312783333517,0.00016427910565104383,9.641200185673849e-05,0.00014284307249505185,0.0001397317579382915,0.00011379506656105231,0.00015214522464651378,9.549215700316377e-05,9.354164692523414e-05,0.00011619215403807822,0.00011653753681606759,0.0001040029874089101,0.00015299509091507856,0.00012138521847352442,7.884538130389607e-05,0.00011565952269339193,0.00015384787739348892,6.53728952120018e-05,0.0001869891002994892,0.00011788258184502735,0.0001903866991351963,0.00015570538550698632,0.0001472457251225607,0.00013090668758744856,0.000139334995195011,0.0001311364211171066,0.0001529043170939344,0.00016126245736819544,0.00011938269657774717,0.00017434070933592023,0.00011696403104887587,0.00011133533638127318,0.0001427957622928907,0.00016128007927091313,0.00010006563944543672,0.00011143398782806506,9.100952163108676e-05,0.0001505714610607825,0.00013410697972235264,0.00011857762129582588,0.00018750205860763525,8.496288870375106e-05,0.00014536785372027574,9.173584062652628e-05,0.00010114678711843838,0.00011834971091705716,0.0001406057100835335,0.00010826142356386566,6.503632331874255e-05
11,0.00012216933259796318,9.127592197102644e-05,0.00010832957676801381,0.00012225390513082398,8.674984713442831e-05,0.0001442319445827365,0.00016048975107580806,0.00016425502764858517,0.00010649424149227708,0.00013272576111481748,0.00012151871796044668,0.0,0.00015851385786165128,0.00022086331930234898,8.700418729572474e-05,0.0001280285536324496,0.00016358346874947497,7.486421597929789e-05,9.259784806084335e-05,0.00017776962924843966,0.00015445426713127388,0.00010484314903992152,0.00010162279348359747,0.00011541267476901162,0.00012514630476669801,0.0001095298121081139,7.458830299712123e-05,0.00010120611608176759,0.0001963432832718542,0.00010125431703992313,0.00011690922197505097,0.00014213834928916705,0.00014912295547156473,0.00014722151240844082,0.00013840756579107434,0.0001496434006600895,0.0001144294497797449,0.00013455770292018884,0.00013139770760879952,0.00017046466792541983,0.00017342844084690978,0.00013023920542850698,0.00023894673466074714,0.00014499039338173662,0.00014721232922342895,6.315583580298632e-05,0.00012261574226302824,0.00016051903102628365,0.00010694162343940658,0.00016655958245690648,0.00011478948525598684,0.00012810540179516175,0.00015469722115580526,0.0001673135813013658,0.00018761025126369187,0.0001316534423194151,0.00010284894447215607,0.00012224718890341754,0.0001541529764120719,0.00013282470688523736
12,0.00010063991529105295,8.230021316911598e-05,6.104639355705703e-05,7.113402341209147e-05,9.39116402874855e-05,9.821643888821289e-05,0.00017734887917969795,9.510032247801645e-05,0.00011213738830303263,8.694960638765985e-05,0.00015758488420091632,0.0002921975578053543,0.0,9.81042993843557e-05,0.0001770623909119966,0.000144377394375911,0.0001523652373597357,0.00012151273800534063,0.00012526791593466205,7.447835801233275e-05,0.00011701441764888554,0.00011111080149037781,7.2684511512075e-05,0.00010087553562380867,0.00015781674179631743,0.00016901616318808367,0.0001316950543302235,0.00012817997609440105,9.177628299906884e-05,0.00014323015939587746,0.00014355253020847662,0.000106440480224825,8.250287956761365e-05,0.00015981192221006061,0.00011325125491675406,0.00012859224057530462,0.00010738973413055657,0.00015039510389586522,0.00013726861064362067,0.0001184754680696708,0.00012531442205978172,0.00014357204218456868,9.91922777281562e-05,0.0001488440216818068,9.650647052115391e-05,6.244642751377424e-05,0.00016240243175104068,0.00011054006583254233,8.403823933519076e-05,0.00011664791699382126,0.00010195863515650336,8.876865578539097e-05,9.655813955909635e-05,0.00010360791837616751,0.000144133158953343,0.00012743209593637722,0.00010561807476518153,0.00013752455215771618,0.00010010356154023341,0.0001358370990630814
13,0.0001195716287740778,0.00010897433330992604,5.865246026065019e-05,8.915058101598244e-05,9.51336224484435e-05,0.00015704068104495546,9.8963891876701e-05,0.00010296373377967902,0.00016859302398555248,0.0001315027712513602,0.00014807985492142807,0.00014213986662145613,0.00018542401138188708,0.0,8.621895256766326e-05,7.18706592764148e-05,0.000178894790246756,9.767537593131164e-05,0.00015987153258814377,0.00010938291611625637,9.597714804074937e-05,0.0001323429400248527,8.014035899719033e-05,8.374572052672205e-05,8.26689897237525e-05,7.543574715560941e-05,0.00010442080613202895,0.00014698208187446048,9.949567830497764e-05,8.268281161717929e-05,9.22208633603687e-05,0.00012984855119538142,0.00019980754945491544,0.00015455368701408663,9.661722870325756e-05,0.00019265760179557984,0.00010122109594599012,0.00012835403895862619,0.00017134522007619283,9.433572076046237e-05,0.00021723919267412252,0.00012638709423378315,8.735667342210928e-05,0.00011708359389798765,0.00014237342017799139,7.130421702318264e-05,0.00014742299238063372,7.801566639156726e-05,0.00010690877993953334,0.00019609639055412435,0.00017520483211278887,7.752104874886545e-05,6.238822744286626e-05,0.00011619793235030833,0.00012699704444096887,7.884403203730157e-05,9.869342889063741e-05,0.00011250522626024025,5.992519097085913e-05,0.00011077125042361994
14,7.012042063989703e-05,0.00010085997310041923,6.901848098317546e-05,0.00010520546727660105,5.974686231027155e-05,0.00011435008914500347,8.636643137663811e-05,9.314345177497177e-05,0.00011851883610373184,0.00011799117425301813,0.00015486260893683728,0.00010191898964835136,0.00013421878872680603,0.00010337100109516635,0.0,0.00011792133180650267,0.00010769935872621163,0.00012020892129792234,0.0001273778552828833,6.651715614517031e-05,0.0002002038048643095,0.00016186021575405972,0.00010093510678166724,0.00010079164621463884,0.00012031090571472077,9.319783850614849e-05,6.476506788634082e-05,9.477816967459215e-05,8.126212899848053e-05,7.652875287393977e-05,0.00019958800978127914,0.00015558927853968636,8.629019133217111e-05,0.0001492530220097072,0.00014989986599944804,0.00019966030123757812,0.00010758550143276999,0.0001960561137397797,0.0001215676021237727,0.0001266203402633564,0.00012411929558937254,0.00015847172534939842,6.16836393215514e-05,0.00012127198463822601,0.0001582465221334533,9.979854819461967e-05,0.0001495256706196446,0.00010317814479708558,0.00013799294768585896,0.00010564081172745497,8.067642954437515e-05,0.0001378032912995296,7.759215402030488e-05,0.00014322291957295373,7.265378918300097e-05,0.00014285955794530298,0.00010022997680459185,9.735584343375419e-05,8.445328628564725e-05,9.696744752789286e-05
15,0.00010861213104410169,9.253174054513677e-05,8.758535736265638e-05,0.00013756120919692844,0.00015147223294904242,9.019684947014364e-05,9.627862676895853e-05,7.888205545319821e-05,7.441873601379366e-05,7.99167493412118e-05,9.592025221838103e-05,0.00011895632726539044,0.000187794953064024,0.00012399330838298007,7.097836091151156e-05,0.0,9.54963411209663e-05,0.0001195227005190182,0.00010351360183858131,7.191063108467384e-05,0.00014524225095193628,8.947916394188347e-05,0.00010779019214699655,0.000122529613889822,8.524343689537326e-05,0.0001363923866917915,9.521306718340821e-05,0.00012188519561767449,9.980336976207124e-05,9.006746261229965e-05,0.00017184079666587385,7.849652907539721e-05,0.0001404735302152989,0.00014947778234951692,0.0001390921750715157,0.0001251836705594382,0.000171552237575177,8.544932404750419e-05,9.160103169948476e-05,0.00011968789028221276,0.00018138433563039924,0.00011998673885657853,8.185365808838667e-05,0.00011118962723182252,0.00014956154531337813,8.426953972756603e-05,0.00013056040246789405,7.443188220373353e-05,0.00012558338587197635,0.0001298111576332983,0.000124146393683441,0.00012239006621548673,0.00014170088422208393,0.00015214913026832862,0.00015070661480688128,0.0001122712677367132,0.00011892895485998257,0.00012210974477899018,8.981243846737139e-05,0.00015972986548308312
16,0.00015906760093880478,7.85026053479218e-05,5.362040235248362e-05,0.00013392476885451944,7.61570618246619e-05,0.00013973012952240606,0.0001201002411677889,6.535522647141741e-05,9.792078821349889e-05,0.00011372559134738362,0.00012267779373782923,0.00014328040208947684,0.0001381992829596338,0.00010417451499134462,0.00011582350907743498,9.114532770364266e-05,0.0,0.0001417557331233195,0.00013156772210554744,0.00011727851787287097,0.0001679396584304124,0.00013935966184116616,0.00021731659779786994,0.00020772942563563484,0.00015059396262252808,0.00010052215101970625,8.799704195206907e-05,0.00010877657161114209,6.062672849640822e-05,6.422490882062928e-05,0.00010074092731028956,0.00010069174034862586,0.00010217323807979816,0.0001314228432039745,0.00010542230100270871,0.00016681122102611432,7.224926439763855e-05,0.00014851380951337554,0.00011919782449010738,0.00017562493709833836,0.00013806372939343807,0.00015376134875836028,0.00015425466813517142,0.000200162936749786,0.00016840048621228284,7.55167826003726e-05,0.00016485124975129767,0.00018588402452206305,0.00013249580185672593,0.00024492566750362833,0.00015198030089920542,8.249934683686821e-05,0.00015715609499019048,0.00013830427698828524,9.351022718107353e-05,0.00012859900764071978,0.00011970390294463414,0.00015215996999078641,0.0001056196292894294,0.0001346118184987172
17,7.880496651161553e-05,6.637516732445986e-05,5.227594248469879e-05,5.638056817939639e-05,8.349940434815844e-05,0.0001792052443410013,0.00010157127568409008,9.301190145925655e-05,0.00014976318349365226,0.00013757145558166052,8.04811988413472e-05,0.00020425364365808023,0.0001605704529965924,0.00010793827294811913,0.00010481770453948423,0.00011139228710024323,0.00012496010367792613,0.0,5.405928148995163e-05,7.051309600944301e-05,0.00015415204231368978,0.00012531524521015077,0.000101857889941452,5.8208749749114256e-05,0.00017898894750778037,0.00010271185409181745,5.097203458463183e-05,7.785523397387832e-05,6.320521430354461e-05,0.0001600468686360979,0.00017283428525189542,0.000159455982555544,7.012662733178388e-05,0.00016093482021781603,0.00011135002319880241,0.0001302092095090998,7.913372874681986e-05,0.00015377556355173917,9.75539779503735e-05,0.00015124679118736135,0.00018642135565820705,0.00012525777325028375,9.123856149849567e-05,0.000217330756090877,0.00011072273039385746,0.00011288475682804172,0.00010243377660920095,0.0001269152398519569,0.00014140634682053633,0.00015318126454291693,0.00014234769444937547,7.202002334249622e-05,9.577661317168377e-05,0.00013433569794303797,0.0001860271746351138,0.0001023769067481188,8.427984546830673e-05,7.7108588289974e-05,5.7791929451169176e-05,9.893998134367145e-05
18,6.015551076368067e-05,0.00012416685113985547,5.50318169361936e-05,6.963359762860694e-05,6.322601240094427e-05,6.019246058351373e-05,0.00014875549012967673,0.00011782847480783083,0.00012149125612066461,9.916434218119961e-05,6.549835364124427e-05,0.00011819459182495154,0.00024305963898786856,5.7754682947388925e-05,9.596483883401956e-05,8.447383371954096e-05,0.00011592945460969152,8.273585657421557e-05,0.0,8.922653254857146e-05,7.730087346719715e-05,7.734671952328297e-05,0.00017708605349386864,7.173976320018192e-05,0.00013135689691034128,9.048639782449076e-05,0.00018033309564641507,0.0001257718361724615,0.00011279372981236717,8.687005498529523e-05,0.00010646958578546518,8.474286884372812e-05,0.00010500389751973621,0.0001900955938088486,9.922699162333516e-05,0.00010172237662453746,0.00012795850121345744,0.00014040692538781012,0.00010788996830579257,0.00010002477024607144,8.813979493683048e-05,8.39494317679155e-05,9.401982868220122e-05,0.000137234378064921,0.00016309807051645439,9.791992582655433e-05,0.00010206627265718063,0.00016906002449406336,0.00015428852034025194,0.00015100352711251767,0.0001537478415396198,0.00018019925702172072,7.47241093521443e-05,0.0001556010190119468,0.00011934535479367085,0.0001483028908193948,7.943106880583583e-05,8.26846005418774e-05,9.99815579197177e-05,8.969734019783932e-05
19,0.00012600367616113969,7.771540372074165e-05,9.752281235142116e-05,7.799617394818156e-05,8.1554032822945e-05,0.00013106504923879949,0.00015089942102105363,7.547756655200835e-05,0.00013667965179493173,0.00010036428104931172,8.911314124311134e-05,0.00020017932469826115,0.00011734011539131018,0.00012215814789331433,0.00012094799328076922,7.045414686990318e-05,0.00012960995863751975,8.717323590574619e-05,8.61200498155405e-05,0.0,0.0001688602699201645,0.00011454850050258408,8.253906661891537e-05,0.00010922694922482831,0.00015865613286568787,9.07420578677438e-05,0.0001309557609573634,8.090808811841359e-05,9.571031265019499e-05,0.0001102269331974952,0.00010197017480079542,0.00013731704439184944,0.00013121669374895702,7.812171159988201e-05,0.00011509324812660856,0.00018223101017759543,0.00011803075469104212,0.00011804932730565415,9.834355841757075e-05,0.00012267851554111995,7.618942215339872e-05,0.00018798889731173868,0.00010141053602300842,0.00011428366385018887,0.00017909738549783458,0.00013421883856776034,0.00014426747865409727,0.00013030596335368477,0.0001251470785125988,9.113969001307925e-05,0.0001372811248745914,0.0002311739783474864,9.674613890488029e-05,0.0001115028684028307,0.00011156878867610262,0.00014336905660627128,7.733999671779468e-05,0.00014367718667112245,0.00010290087951588351,7.938323839699891e-05
20,0.00010327082574198883,9.055385670521747e-05,0.00010318369937679773,0.00011877444151881028,0.00012602214986896071,7.302925796405281e-05,0.0001862549941067102,6.506909829261744e-05,0.00011506698894043036,9.716275985534668e-05,0.00015720773202152752,0.0001773914527617553,0.00016721566169646652,0.00015724868194057388,8.258309176381309e-05,0.00010661331816883827,8.193520020320098e-05,0.00010186868445959659,7.429742207536997e-05,0.00015598265199790644,0.0,0.00011260624657952233,7.639362751237267e-05,0.00013993559269980896,7.797225364837431e-05,0.00010462942772349869,0.00012130083951469541,0.00015113926554917803,7.286896011009797e-05,9.54951616517591e-05,9.102560168788756e-05,0.00017566314605453717,0.0001415069853212405,0.00016463680189776216,0.00011741726164476212,0.00013429836811541576,0.00011982067702993938,0.00018503000326832095,0.00018958294331262955,9.144023694377935e-05,0.00010188777774142109,0.0001888651643367853,0.00010230473956784275,0.0001524101174164394,0.0001216800263094301,0.00011549160893536038,0.0001888843933148849,6.906187955541332e-05,0.00020231513992775355,0.00012020840453122166,7.639636577973745e-05,0.00011023148446855397,9.913807146386771e-05,0.00011702450539138397,0.00012531907656782417,0.00015688829415446348,0.00012772701847207603,0.00013416747518466788,9.32570609687062e-05,9.248330973852368e-05
21,0.0001110493143973944,0.00010650233147464641,9.471664937179025e-05,8.657138250529543e-05,8.530767050816752e-05,0.00010748367068127372,0.0001438340762989833,9.54396745349821e-05,8.882422639256552e-05,0.00010496220503381148,6.641875908211828e-05,8.984822912785823e-05,0.00013979353848652721,0.00014004052235978726,0.00011828118886961521,0.00011916995136598503,0.00012793525910954084,0.00012129055113482198,0.00011893401799623032,7.003952364770067e-05,9.99393510259159e-05,0.0,0.00012154665493168289,7.83344458878343e-05,0.00010640569537968186,6.498804653277547e-05,9.387871356531184e-05,0.00012377012988491312,6.422171053016265e-05,0.0001170974045473815,0.00010774942181103413,8.78095298787034e-05,0.00011415332476348806,0.00020370250571064385,0.00014481111536438697,0.00010977188024305015,9.671637570137837e-05,0.00018476338045197315,0.00017662884574929673,0.0001462680085907276,0.00012143289431992836,0.0001039526332540023,0.00013844724732616455,8.028413797549189e-05,0.00020291450779532616,7.860251173244768e-05,0.0001109822712382489,0.00011656203559449414,0.00011758257373498715,0.00012157042034047708,0.0001490688261419019,0.00014183646176850633,0.00014214462518263808,0.00019709560800260724,0.0001276669539080311,0.0001236115934379692,0.00013021402858616243,0.00011000931279531126,0.000131578688150152,0.00013785497338212105
22,0.00011605590663804327,0.00011943015504055572,8.028735369411357e-05,6.828720273604458e-05,9.788299417065157e-05,8.015171694381848e-05,0.00010142306560218893,8.289730569246384e-05,9.604758516232913e-05,0.00011018861653374258,0.0002210321630443955,0.00011062660171710773,0.0001280949948452735,0.00011692242994003072,0.00011168210997668706,8.586161521783972e-05,0.00010230935159588106,0.00010339616004671682,0.00017572057475319605,0.00010416084545936825,0.0001562959576820525,0.00015563187281722433,0.0,8.589571104817968e-05,0.00010989088320936916,0.0001060940845420011,0.0001500676901709022,0.000114485512778251,6.144954207136247e-05,5.703821924940059e-05,0.0001171982030719878,0.00010199490656481696,0.000138792472166747,0.0002224487513427204,0.00016164437186067345,0.00017637472509930338,9.169901259750448e-05,8.232819591933004e-05,0.00013477461030402075,9.14579874469064e-05,0.00010319722949928029,0.0001153826917276883,0.0001049331227202129,0.0001248733637349737,0.000179542715767963,0.00011135391078785208,8.415758813366456e-05,7.464828663997336e-05,0.00014013663922450884,0.00015835200567699563,0.00016162377069013452,0.00010864288602962804,0.00010355216214325654,7.670889125932583e-05,9.047750331795479e-05,6.523162294748346e-05,8.555593134594115e-05,0.00017583609457944843,0.00013654674480083315,8.512748474057938e-05
23,9.185169928881548e-05,6.273516873019316e-05,7.53465147793106e-05,6.127280039183107e-05,0.0001684176684248152,0.0001716473205572894,9.539878852575948e-05,0.00018547169133107083,0.0001299488505626915,0.00010029593277108664,0.00016335262476190334,0.00011954738268140181,0.0001687365764027483,9.505471430687424e-05,0.0001555642342279969,9.089156369320847e-05,0.00016592515560444467,0.0001329792944666897,7.021311097808276e-05,0.00012561471696612616,9.730215351680963e-05,8.427571410654819e-05,0.00010468212232782011,0.0,8.642625667081605e-05,0.0001544380605609997,0.00014008830881267445,7.273656956558606e-05,0.00011908832606399218,0.0001471571598532373,0.00012236673795939842,0.00012767020350690024,0.00012880965644626675,0.00012366297959172444,0.00010475910465494726,0.00012640628754437288,0.000124647828594959,8.015364144805413e-05,0.00014815595476760945,0.00010810233336510504,0.0001608302235876249,0.00011299805779510291,0.0001468611645681405,0.00017222170534387588,0.00017034651796752077,0.0001525225789251041,9.902029811227004e-05,8.339898013921579e-05,0.00012238223094572986,0.00014175570765020002,0.0001367559863771697,0.0001244060406972784,0.00016420462945490044,0.0001351504918678379,0.0001426978153469366,0.00010215160935867526,8.598321581056277e-05,0.00012528709718988743,0.0001397575053390665,5.9155770934684105e-05
24,0.0001094161360594636,9.463556816857296e-05,7.45639585559034e-05,0.00014102530824015364,0.00011499221364024543,0.00011401733878451347,0.0001487924911019469,9.919736192110483e-05,6.982826786373882e-05,7.742682900029567e-05,0.00010694255060281904,0.00015865702952214846,0.00012630083195435085,0.000130001778474851,7.957259432866089e-05,9.588331028873964e-05,8.363831187584675e-05,0.00014967254673020028,7.098581061610377e-05,0.00021173260757095084,7.931920540180439e-05,8.602341942622776e-05,7.825641305112856e-05,0.00010877297170818007,0.0,0.0001264966047667279,8.642474429564776e-05,0.000152369291518882,0.00011213055394923845,9.747118225208319e-05,7.305048512991939e-05,9.38097191454244e-05,0.00015935416332260173,0.00016805285116876326,0.00014995893978939897,0.0001268520464254256,9.385108032442629e-05,0.00013451397991565402,0.00013217485334631867,0.00012560051172629536,0.00011356843870744032,0.00011313631324687457,0.00011385196303716619,0.00016027094054733558,0.00011344281730848172,9.653754579252585e-05,8.102352794735903e-05,0.00014014805600759194,0.0001516853050364791,0.00014680985821470072,7.525799964766266e-05,0.0001610176464739931,9.173291255321861e-05,0.0001202863892749692,0.00012265820459762163,6.119718932704169e-05,8.73738521249384e-05,0.00010212144946486823,0.00011814148799219942,9.929687790095848e-05
25,6.088861749763409e-05,6.221417785202596e-05,0.00010791248789851412,0.00010437667654630291,9.758202828274941e-05,6.647106481220317e-05,0.00010293096064988633,6.890664629550506e-05,0.00010521928163337767,8.370208085936069e-05,0.00014719661109626427,0.00016416933440409218,0.00020765373786432706,0.00010602619382876969,0.0001221993751807203,0.0001196701895240859,0.00017275215380968933,9.222978508693177e-05,8.99216653060449e-05,9.502944700358068e-05,0.00010914067777665136,0.0001525399475017059,9.046282794118604e-05,0.00018061486838485312,6.207602057055027e-05,0.0,6.429751480897676e-05,0.00011390137393972531,9.132835083899661e-05,0.0001263584321361223,8.401055134615385e-05,0.00027298563227076336,9.637516855848667e-05,0.0001472098245608376,7.792582026387392e-05,0.00013426793815280686,0.0001247309054317454,0.00014720029720711558,0.00014266583557054143,0.00012678937798158872,0.0001331620453480259,0.00014670621807491026,0.00011575786159451387,0.0001190050953597759,0.00011341747694486427,9.234867477606013e-05,0.0002121526586492592,9.12286908790019e-05,0.00012213010391662343,9.658490314958151e-05,0.0001456662428728091,0.00010903444029480299,0.00011102785727296982,9.768581147393442e-05,9.463691613148577e-05,0.00012364791143767482,0.00012128380370575609,0.00015402787757585595,0.0001051966417332422,0.00010938083368116743
26,0.00012176397540640616,8.478572532678028e-05,7.483216044899773e-05,6.578148565237396e-05,8.232621643293403e-05,9.519743869085921e-05,0.000119326320429929,8.625660085046134e-05,8.877796653692591e-05,0.00014827016230274453,0.00010606165179696818,0.00016302198999242022,0.00019154532807191972,0.0001435521582498864,0.00012788404220767183,0.0001222246475506536,0.00012039011460229252,7.398565683124364e-05,9.33817750189667e-05,6.343097635793647e-05,7.972006972234292e-05,6.550290915688152e-05,0.00010638794103548202,9.081526733703543e-05,8.974971333020053e-05,0.00011406621892364037,0.0,0.00015115656466877523,9.326532727164023e-05,0.0001973451488151969,8.57815111137998e-05,0.00016730330270334857,9.888402960948993e-05,0.00014108147751068492,6.179655848764455e-05,0.00018728946768970268,0.00011477730355626774,0.00011483046549511756,0.00013536039195321989,0.00015808738064656565,0.00014229457685226791,0.00015764281032431296,0.00013057146961166337,0.00010509798988526985,0.00010154308227238233,0.00014186096710188417,0.00013348214198958934,0.00010588355464710644,0.0001270468042294069,7.704251209218399e-05,0.0001504907924941953,7.643894413936858e-05,0.00012852279502162855,0.00015460179218454282,0.0001313591463988411,0.00010872336364878801,8.180019963859026e-05,0.00014745986528526695,9.79691980160331e-05,6.267964133932355e-05
27,0.0001419025740544431,0.00016060709454666426,0.00012013379141876719,6.80452736123007e-05,0.00010507072210929065,0.00014520463714450725,0.00010717358019008483,9.431476687145782e-05,0.00010014493243731887,0.00012264253612758933,6.552364223273844e-05,0.00014768880456389344,0.00012665339664445175,0.00011821368558246301,6.98703400291486e-05,0.00011200206898602157,8.717345615835737e-05,8.216919624357993e-05,8.10561693668302e-05,9.8777314488352e-05,9.860242068457206e-05,0.00010866893886572399,0.00010722344821387858,9.745487841117642e-05,0.0001160910519429045,0.00014505929695985358,0.00012462865106992123,0.0,7.943427275790375e-05,8.286727170695268e-05,0.0001267118566846533,0.00012400347734464368,6.804889422455054e-05,0.00014091121981760313,7.809177418517806e-05,0.00013727960222537812,9.017656893289492e-05,7.733915303991257e-05,0.0001165722414005153,0.00011346983095471315,0.00011431349210486464,0.00010370779943902004,0.00010043287810054339,9.34346630202433e-05,0.00013908892052660692,0.00013215093297855426,7.402193118773368e-05,0.00010498453002602117,0.00010005460975557606,0.0001583086021740088,0.00012349785565522257,5.96885806134408e-05,0.00015615747619157798,0.000123355520044238,0.00012278741038423694,9.041892223783325e-05,0.00010940586166715637,8.736599969004463e-05,8.180118557439983e-05,8.27478575714426e-05
28,7.360267845662568e-05,8.012345730809006e-05,6.304453093627128e-05,0.0001486070405621358,0.00011667963714081687,8.566606021573247e-05,0.0001270964798954139,0.0001179278603049967,0.00016106632437122903,7.035830425601922e-05,0.00012361352155015293,0.00019837602140891273,0.00017186638350008746,0.00012961883542683325,0.0001465394890147486,0.00014140783922977765,9.12973942695478e-05,0.00010203560016605688,6.913453212759098e-05,0.000104927696478822,9.527847255671501e-05,6.585542134004034e-05,0.0001310976601858206,0.00013671376915665268,9.980423872727975e-05,0.00011685204720666,6.682546291721305e-05,0.00010906796359565928,0.0,8.401806695433083e-05,0.0001888157656654634,0.00010878505569125347,0.00012711279728468684,0.00018607765151593307,0.00013749229227857346,0.00025256721538017375,0.00010186600474348871,0.0001541322275135561,0.00010893304566295453,0.00016587912996586046,0.00012719871551863381,8.442705285407323e-05,6.842780812822527e-05,0.00010703597358535475,0.00012331100921842106,0.00011760841324729275,7.574630112267614e-05,6.501511819576745e-05,7.631789740819254e-05,0.00013396482709912935,9.326818001997618e-05,0.00010334214835510639,0.00010667580657152279,0.0001037273998199981,0.00015366557888544288,8.377255631492683e-05,8.50034522564334e-05,8.381137007142597e-05,0.00012171508102092732,0.00011021041709213343
29,9.58207099499433e-05,6.035786372741514e-05,0.0001410175045355475,0.00013790285220549494,0.0001269164344488076,0.00011418041635666568,6.663503907152599e-05,0.00013583174979270716,8.197329785568189e-05,9.409367946140612e-05,7.832058159397544e-05,0.00016012277186629151,0.00013685128871742335,0.0001299259783607989,0.00014135197333760426,0.0001304411499832065,8.551598900622358e-05,8.851302075244361e-05,0.0001109929199067786,0.0001244882376112175,0.00010404888707836129,0.00012662063180132494,7.36323688642378e-05,8.486246987105793e-05,9.962213137310174e-05,0.00011364100546978904,8.763639591905538e-05,0.0001087804689684568,0.00012504581039747962,0.0,0.00019819100271425296,0.0002111374414225216,0.00012931349133791804,0.00012307697508001541,0.0001820314680305758,0.00013791063539436937,0.00011045049122062166,0.00012290257002659118,0.0001717083834556741,0.00011326222967844314,9.588849858003455e-05,0.00018746412068961166,0.000194431774902006,0.00011253227119977469,0.00015032843748615185,0.00011307273795025072,9.7452897301182e-05,0.00010479782082260083,0.0001753726142548772,0.0001536336815799723,0.00015639476790221414,8.28618407968063e-05,0.00017844978085373214,9.24055135791364e-05,0.00013886447537693534,0.00020474992772293228,6.405528895611843e-05,0.00010162127594690807,0.00016523634514631453,0.0001119192657519468
30,7.023682325408977e-05,9.395715286078609e-05,7.900809170414691e-05,0.00013957150235499184,5.9920865059858004e-05,0.0001397031396597357,0.00018214715047480134,8.453987010902319e-05,9.25927036762424e-05,0.00010395939278692657,0.00016021644674304148,0.0001293037491884124,0.000188242146657565,0.00012377548672315444,8.525660101838596e-05,0.00010853581598110312,9.762746039944495e-05,0.00015135727119904217,0.00014226803972053383,9.292144045000522e-05,0.00012720551393947068,9.757046961972245e-05,0.0001672364096047737,8.647144961107365e-05,0.00011409420783195708,9.350232718696921e-05,0.0001538933536874831,0.00011071212898151181,6.444568114470407e-05,0.00013152630031813148,0.0,0.0001340115312465107,0.0001521790273248444,0.00015194168263880453,0.0001548263133531458,0.0001446415927604226,0.00013252520616646049,0.0001365928035977255,0.00011560381566160598,0.00018556562922686514,8.03053565115352e-05,0.0001749513208944443,9.252911392291336e-05,0.00013726458059319148,0.00015620593244135056,7.281974090102899e-05,0.00011346572150735516,0.00016564348428391238,9.812489972441368e-05,9.408894135123222e-05,0.00018221337287560385,0.00016013323142308102,0.0001284751377585425,0.00016793855630278868,0.00015702002785917413,0.00010372978670128418,0.0001464137384806822,0.0001279524881323924,0.00010502522456470164,0.00011564284243776481
31,7.232506214913599e-05,6.939360170370881e-05,0.000138288387157476,6.646418809434315e-05,0.00011662225980168887,0.00011130816090775039,0.0001286846954619237,0.00013261758162840318,0.00011103675939826118,0.00014074813612810103,9.513052756646124e-05,0.00020456790504706294,0.00011070082776930832,9.161050646496022e-05,0.00016764807787437202,0.00013687774109887122,0.00017365231237713446,0.00010229177946590648,0.00014235374338212103,0.00019686020037476985,0.00011015580808363885,7.720582750217657e-05,0.0001221877815138425,6.810873749687332e-05,0.00011898692601310118,6.863288899895423e-05,7.98558995211557e-05,0.00013537733232006987,0.00011577543846230956,7.569132567678276e-05,0.0001477442353389836,0.0,0.0001235955645066325,0.0001609815081487759,0.00010721890430253001,0.0002021822785020627,0.00017379080426598292,0.00014567589114992743,0.00021569452605973668,0.0001228933709785408,0.00010814526287504408,0.00014609261959089127,0.00014104079293671327,0.0001592853254720772,0.00012531330371044622,0.00011464204097186059,5.817203932990529e-05,0.00010058700639289437,0.0001446493707454543,0.0001720468397044804,8.502270061419229e-05,0.00010814495632087687,0.00013622718409863843,7.243115660411706e-05,9.999874503808257e-05,0.00010688780399325085,0.0001752303628555104,0.00010644944136689935,0.00011621583417107385,6.712910003464486e-05
32,0.00012451290738349277,8.603067122993734e-05,7.41955377797571e-05,0.00010233818929689681,0.00011670004198000307,0.00012084054748798788,0.0001238206191421144,7.387518937906953e-05,8.972970296756485e-05,0.00011357026335279031,0.00016814582876361006,0.0001004314739942647,0.0001647892673847502,9.711842796622595e-05,0.00011918390190427862,0.00012931243302273068,8.549719403634318e-05,9.73607098443759e-05,0.00013002769682337546,7.252654815725597e-05,0.00016281231294737851,0.00016399542216082207,0.00010091900784188118,8.792952494041484e-05,9.38108755952169e-05,6.431216111165446e-05,0.0001237205417896357,0.00011838646518159505,0.00017151508114335935,0.00011417602665392797,0.00011041763157669262,0.00020373626083321875,0.0,0.00020823808397458027,0.00010756792434144262,0.00012722428815831652,0.00024264333658245837,9.930796456598519e-05,8.774811779090431e-05,8.544484429943498e-05,0.0001449900796714042,0.00010620408377501343,9.098445347322675e-05,0.00013023639051717374,0.00015490879822076237,0.00013533894261068968,0.00012720351492672118,7.640302775294491e-05,0.00013851946935570424,0.00013642236475663852,8.955454901025344e-05,0.00011953157378568199,0.00020463455231177577,0.00015559796338529013,0.0001260446190931665,7.158552987889356e-05,0.00010868820272926758,9.587286860575833e-05,0.00011512644794996282,0.0001492766552010151
33,0.00014100869925580723,7.260172370964717e-05,8.12465827774131e-05,0.00011573438083309099,0.0001160263119424717,0.00013019113029816477,0.00016344740634785385,0.00011979088316326826,0.00011025930981595184,9.410475662843215e-05,0.00012790927000734615,0.00011681488053521528,0.00011867201759042577,0.00017466678187452785,0.00012918439073191648,8.917127211723672e-05,9.345582976205321e-05,0.00012652528841229502,0.00010835266782337143,0.00010703219041036922,0.0001424506541430367,0.00016027079792136614,0.00010623898443382838,9.129053384073772e-05,0.00014031410797180624,0.00011314151731565339,9.945464146245904e-05,0.0001728259581776369,7.842312852582367e-05,0.00011597533810861328,0.00011753025023733128,0.0001921218012951723,7.80591702715112e-05,0.0,8.631743202104248e-05,0.000212429811505407,0.00019327458357055135,0.00015036872460522305,9.80563360909279e-05,0.00010517206740375996,0.00017655049836389506,0.0001468981002804777,0.00018365924553774812,0.00011384533170734018,0.00012603466881463268,0.00010880781247740553,0.00014001212270822223,0.0001587597883815121,0.00017761655207317227,0.0001605184180429826,0.00010722225662163358,0.00016384722142789515,0.00016634602865322746,0.00016226621360898797,0.00012764693111058344,8.817471858906221e-05,0.00010927780907487978,0.00014003533594967538,0.00015149074395927608,0.0001681472557858855
34,8.528338136139361e-05,8.592971163673482e-05,8.622936326062284e-05,9.539521544396961e-05,0.00015434030280739043,0.0001583221395138125,0.0001468004503248394,7.848557521794927e-05,9.357224680878195e-05,0.0001356463064148209,9.298704667755716e-05,0.00013895191885422348,0.00012019352968750419,0.00013781892164180324,0.0001437604897719666,0.00016209967139997557,0.00013426709644225325,0.0001257689844052408,0.00011076551600285371,0.00010377522224848896,0.0001117631517710792,0.0001695261097547492,8.031604966454972e-05,0.00014692479286807018,9.022157557217658e-05,0.00012666245299736492,0.00011451271217174283,9.959648173002946e-05,8.454048675658563e-05,0.00011473736626329874,0.00014495491333680856,0.00017780043293848003,0.00010085356603555837,0.00014331170090782014,0.0,0.0003339603963089788,0.00016146047239613232,0.00013723745005438906,0.00018479854435276682,0.00016315756400774153,0.00012076429176315315,0.000139018279096694,0.00020801549517979033,7.036850532694225e-05,0.00018391666639826896,0.00015191960168482223,0.00013202520209571435,7.959358397326553e-05,7.575530373219888e-05,0.0001360332039653973,0.00017505615454176457,0.00012619360043982766,7.143506733106228e-05,0.00011532045005115966,0.0001763082331129292,0.00010459671842077565,0.00014570163100432825,0.00010052435307203023,0.00010897185439779992,8.166717631811006e-05
35,0.0001777284182119946,7.308783516493143e-05,0.00014398063674438474,0.00010800261893542689,5.743470500311213e-05,0.00013390385292702693,0.00013230394361483802,0.00012811566420554524,0.0001362064176719846,0.0001712231007054016,0.00014952786797344233,0.00012467124566707368,0.00012270217398324356,0.0001536901105447206,0.0001147248778105294,6.201893563135629e-05,0.00013941065603105708,0.00011911642668611438,0.0001328479192422023,9.749413134841672e-05,0.0001408130443082843,0.00012039409268341922,0.00012583715952456444,0.00011923927657083419,0.00013723798778701105,9.411380118932261e-05,9.224860851776885e-05,8.761750412744575e-05,0.00010716676274225058,0.00019589620338894513,0.00013769996199343744,0.00017332192211445463,0.00011569913303913848,8.528402092561963e-05,8.91567545259797e-05,0.0,0.00013992531712013432,0.00012172624716790175,0.0001980142534454483,9.743116557895344e-05,0.00018246620608403026,0.00011119068048211114,7.74009950544977e-05,9.258535885922349e-05,0.0002410397277955724,0.00013105544877501944,0.00010820455911189287,0.00014679297024734582,0.00011479353452322552,0.00012885999808013405,0.00012255729877757579,6.509152190643665e-05,0.00016918190608349794,0.0001454194198612052,0.00012981711546670275,9.380346471819571e-05,0.00012070241499098591,0.0001043759468621067,9.031909200939682e-05,0.0001642891920264488
36,8.553290141507123e-05,0.00013012770113224258,6.899280627369406e-05,7.008033759179917e-05,0.00011268074905100128,0.00017412133611163932,0.00011199458647001776,7.672084634544758e-05,0.00011504768074208743,0.000133437767990787,9.433296501209872e-05,0.0001164514415796586,0.0001816559886977395,0.00014472824213749747,0.00011396785504513412,0.00011379637850595566,0.00014583694948872077,0.00015228100302474185,0.0002133102590586416,6.981048605904533e-05,0.00015385748781543258,0.0001264554217026533,0.00013506090938831823,0.00011379120706775423,9.81939124897493e-05,9.637685158278611e-05,9.292594897072872e-05,0.00010667966313242453,8.579378997183321e-05,7.444482215307832e-05,7.486415501565253e-05,0.00017629232372703404,0.00014351415466190237,0.0001203922055247967,8.547183327731581e-05,0.00016276285915256728,0.0,0.00014117424333248284,9.894286132445783e-05,0.00012824288663187063,0.00010837191209256515,0.00012183129458432482,7.829314793751267e-05,0.00011344533387863615,0.00011896818566335215,0.00013050318177818486,0.00015552375729956311,0.00015381460544664136,7.217156767410705e-05,0.00014810378547622875,0.0001058729500043251,0.00011460739586972163,0.00016789712589527288,0.00017858997738461483,0.00015691642541958514,0.00010102835448893554,0.0001124664070680381,0.000122506549180887,0.00015195896904183093,7.324577628102246e-05
37,0.0001144627294975298,0.00010933775259807694,7.053128552245132e-05,6.328880460719846e-05,9.329122576361018e-05,0.0001036659394388704,7.704115879914322e-05,7.510345316950003e-05,0.00010337906382830168,0.00010445409124084685,7.890821531025725e-05,0.00020096129258769042,0.0001490595708998891,0.00014351229378088622,0.00010845815253185623,0.00011666412203252458,0.00020405248795786154,8.461882761323098e-05,9.776788046969361e-05,9.70674985772526e-05,0.00015327966434418804,0.00017094703987307111,7.796438965817652e-05,0.00017591945009121928,0.00010348844691802078,0.00012324220950307341,7.079097441596067e-05,8.579224393151577e-05,6.668516856348206e-05,9.383551410770725e-05,0.0001434012943969468,0.00013751606657257372,9.146215171874483e-05,0.00023217513091766459,0.00016132587558515153,0.00019644872037041176,0.00015498647405993461,0.0,0.000139978580247641,0.0001399839627031647,0.0001350103988723964,0.00015094366122636604,0.00015119745490508926,8.779360417064287e-05,0.00010783879035115245,8.831961488948871e-05,9.929135899651061e-05,0.0001000816954267539,0.0001776112492317906,0.00013454670942811636,0.0001173056714336742,0.00010467683693009856,9.502161503679723e-05,0.00012257545670459446,0.00017707336922882246,7.79596869420351e-05,8.515560059670244e-05,0.00010494658143878614,6.563575822456387e-05,0.00010384079272219843
38,0.00011579352638248351,8.138461016501242e-05,8.593581490991954e-05,0.00010726400223626226,6.956813819799642e-05,0.00012050828187723509,0.0001320084771401624,6.759516884187266e-05,0.00011888721613967326,0.00012907277890572766,0.00013839538971303458,0.00014080911162870022,0.00023942265927830156,9.070963011530434e-05,0.00014386056934161985,0.00011956518688484526,0.00012211195463781235,9.205724863239343e-05,7.611496813801638e-05,0.00010942871126630777,0.0001387564488689272,0.00011908021879618538,0.00011954677862485376,0.00013532532103311879,7.92122415844071e-05,9.146447730543521e-05,0.00011069634100396485,9.501202660540132e-05,7.587893968765017e-05,8.222459673421132e-05,0.00018944411898829224,0.00017922482871154995,0.0001296276174616601,0.00023720392661312958,0.00015322248646857121,0.00012190567114119594,0.00011540491200074541,8.501831146443988e-05,0.0,0.00019950231888432135,0.0001295763670764581,0.00013015947617469684,7.168712951477223e-05,0.00011634067702155674,0.00010985491707602781,9.660133011215788e-05,0.00012512845847029188,9.448033867566171e-05,8.594493514018263e-05,0.00017328392815749337,9.198156789223324e-05,9.52764072456841e-05,0.00014368213147438114,0.00010828089676526534,0.00015156975746597528,0.0001718236414255258,0.00010919759611817237,0.00011747922601585275,6.019837176655948e-05,8.725400538263415e-05
39,6.776054901129426e-05,8.667096125618783e-05,7.381860114439682e-05,9.358045163206097e-05,9.548233868028262e-05,0.00013933590744841145,8.502508312728767e-05,0.00016734048594383216,8.316580310797171e-05,9.682515864046013e-05,0.00013699690601269799,0.00013145066572317455,0.0001895516778268425,0.00010196657039162687,0.00015533907509036136,8.278795365406024e-05,0.00011307717377187718,0.00014051228353915307,8.807448465810553e-05,0.00013919997792665316,9.9602815961207e-05,9.872950668308469e-05,0.00011437943942738566,0.00010963794409830407,9.839320163471758e-05,0.00011093195182140469,7.978021890144047e-05,0.00012616652657510027,0.00012907674737307168,0.00011895478250475221,0.0001481527635787751,0.00014280877385357765,0.00012933151134883892,0.00015563465923023397,0.000161590721352502,0.00015709503185767215,0.00026236440007414765,0.00019057987064814995,0.00016033545802630642,0.0,0.00016975388690002526,0.00011547433726722504,0.00012769970933023019,0.00021575783011728162,0.00010034981024475699,9.739858945848032e-05,8.96003129669527e-05,0.00010717405147375312,6.932170619330192e-05,0.00011601131731839935,0.00011760887861275552,6.954178292166842e-05,0.00017530133571093038,0.00025305437552710947,0.0001434724947045463,0.0001337269782758515,8.858303877105471e-05,0.0001585581948255926,0.00010918381282358668,6.728097483837907e-05
40,0.00010810090438047804,0.00010527040623082186,5.32884655749732e-05,0.00013064890935749547,8.485950628257457e-05,0.0001680023320566555,9.569699894615514e-05,0.00011057882128179122,0.00016988019787719086,0.00011291021956265215,0.00010195844079351184,0.00013883955217769398,0.00023631928447392792,0.00012581934082684927,9.572586519564402e-05,0.00012534757601960324,0.0001311624028043191,0.00010749392641434602,0.00014751480206318522,0.00010874022879356658,0.0001287971971673419,0.0001460132288727191,0.00012238636600108373,0.0001025965824605786,0.00010612787337136359,0.00011312220447386143,0.00017093277888214392,8.236731918334498e-05,0.0001614314312800624,0.0001185232559226432,0.00016011476904913434,0.00014628530246309752,0.0001503564927107301,9.907576569768184e-05,0.0001694394678298763,0.00013552238631093664,0.0001251083620368629,0.00013630260756137245,0.0001748287213813914,0.0001884716937738679,0.0,0.00011993514846880249,0.0001344658847090575,0.0001463947801662375,0.00011322575126325705,0.00015102826191403017,9.48176515246418e-05,8.006696285226428e-05,0.00016961821881227542,0.00015849213485536175,8.206217892879912e-05,0.00013102839015581628,0.00011215202118857683,0.00014313531505397262,9.677918635375791e-05,0.00011483716459668039,9.978356198222232e-05,0.0001298057871276205,0.00011097367353039751,8.147972824809026e-05
41,0.00011300255609770204,9.146640760612715e-05,0.00010026221345657831,0.00015576901173283084,0.00010221332673566517,0.00012477561561531568,0.00011296590620141034,7.589216818491742e-05,7.565881489192245e-05,8.069483947410328e-05,0.0001079316883577704,0.00020752500911152375,0.00018432858091092653,0.000109558807251009,0.00015583498868676325,8.628603877442676e-05,9.459364500501399e-05,0.00024267314103215457,0.00014820386083707894,6.278286273028772e-05,8.940827040373251e-05,7.887892251997248e-05,0.00011687752113792109,0.0001251227370667332,0.00010202874056720936,9.603274771227932e-05,0.00018848414151698755,0.00011308205396328923,8.176182202144225e-05,8.99322248073131e-05,0.0001318163052780515,0.0001990434798667286,0.00010629296006747236,0.0001399204356270936,0.00020811922584036127,0.00013830121396851767,0.00020930119414996488,0.00014906960095156555,0.00021427060751176444,9.790613132926873e-05,0.00015177538336705738,0.0,7.512071067647584e-05,0.0001239493795224281,9.82711346712297e-05,0.00011511732307721692,0.00015588796947156613,7.343231117051688e-05,0.00014152643323654806,0.00011855361508816474,0.00010212020506997464,0.00013006148188006935,0.00015887175521576272,0.00022334858742709628,0.00011085089299394683,0.00010487139545164628,0.00016278270212093958,7.523742087040869e-05,7.36070196098017e-05,0.00013329946677857028
42,9.058293331411727e-05,0.00012956558775673399,0.00012401559113526622,7.554313294000558e-05,0.00010168525063309052,0.00010174984525570724,0.00013860804646032286,0.00015513598565879418,7.840891326447107e-05,9.81619619420934e-05,8.947135710353458e-05,0.00011413424038232662,0.00014849513683813103,0.00010067508897258117,0.00012198567205783886,0.00011207755877744557,0.00012630298121208468,0.00021163808444147632,0.0001098730857768379,0.00013746553284852252,9.528389515458293e-05,0.0001259053214693559,5.773658224113337e-05,7.145371249083293e-05,0.00011042116954557467,9.378570160836693e-05,0.00013540307415987974,0.00012361275192030463,7.206249073267736e-05,0.00010654284279412255,0.00010227841066708026,0.00015064763140797407,7.957912669806071e-05,0.00015089248256719735,9.827739243199077e-05,0.00023607579929038164,0.00011535105197178716,7.221291165205732e-05,0.00013047635578036817,0.00011641541963084035,0.00015625685788028603,0.00019829835799669844,0.0,0.00016358627767268824,0.00010554552659568194,6.438549212147546e-05,9.869877997948449e-05,0.00010158755123620827,0.00010924614123185029,0.0001777290287290419,0.00014141366491421487,0.00013292613231183237,8.250576831089179e-05,0.00014380316341121486,0.00011534625440578488,9.489877680151794e-05,0.00011684900074926876,0.0001402387046391235,0.00014213727232951614,0.0001331098423487103
43,0.00015737662425338445,9.164659850800106e-05,8.561937713277071e-05,0.00020744968582449622,0.00010349582484428228,0.00014912302425262492,0.00010243688148787894,8.573716251032324e-05,0.00010215376655421276,0.00010808536481436744,0.00010333963645105765,0.0001373367765577692,0.0002683497047114695,0.00013222025664655205,0.0001410770195793936,8.175509628029155e-05,0.00024061159134896302,0.0001167822747151727,0.00011681148983969226,6.064039194063564e-05,0.00030039247417257655,0.00014247245117076385,8.449604101156982e-05,9.577640682411118e-05,0.0001090937482792806,7.466852836043945e-05,0.00011431520973447689,9.546198162190067e-05,0.00010600215452728545,0.00013013756978222518,0.00011869817480737773,0.0001922413697120924,8.898143714321099e-05,9.76479856560977e-05,0.00012492055670396235,0.00012677971582165324,0.000129715895894238,0.00012095375936052347,0.00023351561654021198,0.0002842598069626754,0.00016746559039467778,0.00014517881673350137,0.00013820288023171188,0.0,9.223859911127717e-05,0.00010178153842226331,0.00012040596109136893,8.396272308224768e-05,0.00010786750688610776,7.727132618467713e-05,9.515288968709545e-05,6.116307375071293e-05,0.0001535745448091117,0.00016680107537440827,0.00014774790202315722,0.00014804115300095288,0.00021415268661371115,0.00013844523954675736,0.00011768311718016313,0.00014739474755396965
44,0.0001006358404347409,0.00010690250365500227,8.531136813995116e-05,9.885492243237626e-05,6.711543460349483e-05,0.0001836951532251639,0.00011248274961375583,0.00015593318353276358,9.776109339906516e-05,8.863539578322098e-05,0.0001610948574637708,0.0001316999044066027,0.00016260943535154103,9.151149387421827e-05,0.00010378273007698912,9.591513956440362e-05,0.00013470220942752198,8.729983769383488e-05,7.108574886591619e-05,0.00010839920493546721,9.998046145803441e-05,9.661103488269152e-05,8.093678655474901e-05,0.00011560853433448598,6.694365299964519e-05,0.00011175635973744988,0.00010000303203663578,0.00010613730702552115,0.00012819537987546702,0.00010107735352602247,0.0001310684814516844,0.0001432246332499374,0.00012153476240002606,0.00014122131822350768,0.00012665508675159716,0.0001875461299334296,0.00013033921848000724,0.0001249998627379184,0.0001210594097873809,0.0001175311754086634,0.00018760197515723046,8.731327747103837e-05,0.0001173652900937179,0.000130407377518312,0.0,0.0001811667621981984,8.362529672669186e-05,0.00016193954233818873,9.94065191465433e-05,0.0001651886043304024,0.00010794855260969276,0.00014548653163827681,0.00011841048417620466,0.00011267557934682197,0.00011645316672293998,0.00011661582894509694,8.653815347450236e-05,0.0001104261212044556,7.746897557803204e-05,7.147538075025527e-05
45,0.00011772500764550404,0.00012615550382490213,0.00010864306170919019,0.00011534859278219625,7.558106867689159e-05,9.541593109342527e-05,0.00012195797262288921,0.000109541670413934,0.00012915270571963545,0.00011903888261532316,0.00012708213917953697,0.00015311568320587198,0.00011701242881985207,9.901997652922095e-05,0.00012452330061626677,0.00013398211051469016,7.791067989921695e-05,8.32433827289407e-05,0.0001054378875358576,0.00012769400087202714,0.00011687740388987863,7.549216126869873e-05,6.864794716167482e-05,9.861248743204122e-05,9.742373932377503e-05,9.71269023238499e-05,0.000133963633417072,9.259930718397002e-05,0.00012325288641735512,0.00018480542863428902,0.00014750992742762074,8.349320913439866e-05,9.016825719297684e-05,8.378808874799621e-05,0.00017006428202097877,0.00016330583387651253,0.00013194267123459112,7.825720856124218e-05,0.000128366485549246,0.00019069042620229555,0.00014663318920399496,0.000122889149829766,0.0002060964568818555,0.00011218198579864428,0.00015697776920826158,0.0,0.00011976859506508761,8.124857951837966e-05,6.279826679217187e-05,0.00014993779804025795,0.0001396702468346118,0.00012180647012968706,0.00012922456571655218,8.933156916894856e-05,9.961592088015806e-05,0.00013482874266649962,9.620467618965156e-05,8.643273185779376e-05,0.00011330294271249979,6.6283371355799e-05
46,7.66561693794747e-05,6.411878456556026e-05,9.211865843425791e-05,0.00011983976845663718,0.00011561556755838853,0.00012008188699982368,0.00013001231094510329,6.236107639880455e-05,0.0001617647899026297,6.730243689133726e-05,0.0001085698056210413,9.896836674833574e-05,0.00018409598750885426,7.345518264840306e-05,6.938354875216977e-05,9.634614566397421e-05,0.00013223088675411203,8.959088722245734e-05,0.00014870881346392832,0.00010832452231069106,0.00013170468120136757,7.35725380103726e-05,0.00017519660283804993,0.00016931441392933896,9.841178307645146e-05,0.0001007680959821714,0.0001411513766530837,0.00011308418965947965,0.0001257357900684876,0.00011008923053465813,0.00012151034223332612,8.50598400826564e-05,9.847133536953305e-05,0.00015149196537948804,0.00018867971792053988,0.00018352501906246992,0.00010198703065244251,0.00015820867468332954,0.00012336911838244267,0.00017611204267952213,0.00016832583721598833,0.0001330206786460056,0.00013197414917868626,0.00010644223835379735,0.00010691410843404301,9.539765656879855e-05,0.0,8.20543979497277e-05,0.00010542674212087523,9.935303242545597e-05,0.0001773203520824858,0.00013160087974947704,8.32522711848175e-05,0.0001192106806964535,0.00014313095618999125,0.00015849626768432313,9.015882873969544e-05,0.00010274489232770363,0.00010120169886134775,0.00010865140607064659
47,9.619370613969234e-05,0.00011442044495445585,5.202042139093315e-05,9.79309254759248e-05,0.00010003320026483204,0.0001248180198705003,0.00012320304973551855,0.0001522340286518079,9.09224447217013e-05,0.0002056476486830662,9.016348021390327e-05,0.00018475130055215763,0.00019301582201665667,0.00011294634969000361,0.00015356748534296402,0.00013209568919850598,9.301986272792062e-05,0.00011937669128303102,7.085403650944686e-05,7.471510864244536e-05,8.076216213495283e-05,0.00013000319248633347,7.441319974904473e-05,0.0001647065034915918,0.00015469591492541423,8.637660893517888e-05,0.0001386210832160223,0.00016198103423372524,7.027677785243699e-05,0.00016184864431468892,9.091464512179486e-05,0.0001668615497737744,0.0001342747525672534,0.00017824802728337965,0.00013238264482662445,9.429960896269453e-05,0.00015642337382978808,0.00017355035265240447,0.00030152942563273374,9.723166123293737e-05,8.333299389350712e-05,9.140007288756244e-05,0.00012172576167266231,0.000135742995621628,0.0001610730658721327,8.461858527495072e-05,0.00012375563859942583,0.0,0.00011622111693533786,9.166478467417527e-05,0.00014177608657397822,0.0001445697218538085,0.00011847131293953107,7.425903482558477e-05,0.0001451848272088359,8.575624840515017e-05,8.402048269504211e-05,9.288713543256995e-05,9.336585156459384e-05,0.00012651855623495975
48,7.011253574401069e-05,9.048487444958087e-05,7.463781347163715e-05,8.82776182912658e-05,0.00013584061210339122,0.0001694722755554771,0.00014303768777922568,9.180619698449472e-05,0.00013431251143343665,0.00010773157831656127,0.0001288735321976951,8.57077681901342e-05,0.00011126842784233428,9.354106442882013e-05,0.00011455560113359047,0.00012466666270320492,0.00016584993386391017,0.00013274846133857972,7.329338736885323e-05,0.00014292878296024117,7.499483956565702e-05,0.00014568509535153849,9.688721947522133e-05,0.00013119723542486298,8.520158860509828e-05,8.952571842453622e-05,0.00011006179688547636,9.887809124403706e-05,0.0001680412827017644,9.919604542061039e-05,0.0002212839907697601,0.0001239761324375654,0.00016275533115995799,0.00020784242135815162,7.369278691120723e-05,0.00011370046451824331,0.00014166968557633594,9.324092658875444e-05,0.00016475844225986904,0.00019211699847880491,0.00010495813673040222,0.00016209606891554593,8.9491763758611e-05,9.834183138330556e-05,0.00013710301508953397,0.00011176628428850872,8.820251537221872e-05,7.839683390891076e-05,0.0,9.151828739513922e-05,7.563146203974103e-05,0.0001167987636458234,0.00013349363299562805,0.0001152503098534927,7.403823422616828e-05,0.00014601151752405313,0.00011072426359904325,0.0001282863326636043,7.62168210692338e-05,0.00010523938662849268
49,0.0001045532774510745,9.772559982202978e-05,5.747879681031462e-05,0.00011537775730976472,6.977166632302466e-05,0.0001177335029560484,0.0001190414769003136,0.000124588697100609,9.304587294501661e-05,9.49419925688962e-05,0.00011715643433828782,8.70164920074215e-05,0.0001303641700947798,0.00013519109097556283,0.00011343036450931308,7.898637025870223e-05,0.00013251438527372408,0.0001243956048307078,0.00010651101986223081,0.00015629699902431612,0.00011819897400024918,0.00010876082116062231,7.273771570369091e-05,9.891972738687078e-05,7.814056774338514e-05,0.00010973851789405323,0.00010777717943746521,8.766395420841187e-05,0.00010307870552991714,0.00019790340857282776,0.00014020033376872906,0.00010958463322184653,0.00012647761072121018,0.00015402026661491306,0.0001446113682381032,0.00016683163993058155,0.00012862103513370732,0.00018907655810130567,0.0001375970751447538,9.062460250973448e-05,0.0001436096011947396,0.00014920499420264984,0.00011274585476181975,9.103129879344055e-05,0.00011243436231621077,9.629690932275497e-05,9.592357695758656e-05,0.00010919413645716051,8.547535506621598e-05,0.0,0.00011463694601257603,0.00010400361593360563,0.0001247592830324399,8.765708595088349e-05,0.00017189558156360487,0.00010166503161114848,0.00010150279213345627,0.00015281674544663303,0.00012578909774679144,0.00010976959164137607
50,0.0001563353879276363,0.00011832306138896879,9.17773277604267e-05,7.913457048993458e-05,0.00013928928700134672,0.00014518766215522168,0.00012532756544156537,7.64122341727688e-05,0.0001191306084401986,0.00019084716063575156,0.0001344258017042271,0.00017693009325346712,0.0001457911999658581,8.405193664325783e-05,0.00011452023830054269,7.736967638145144e-05,0.00017732788940331317,0.00014299898562775333,6.89598138826427e-05,0.0001455142233089498,0.00011455812627850872,7.329102710371287e-05,7.20048096210216e-05,0.00012770079720230218,0.00011233304864265781,0.00010376479354001421,0.00010738703081213372,9.776200284379023e-05,8.04725890740662e-05,0.00016358019779258586,9.76410858034098e-05,0.00018384916178440592,8.758171554525842e-05,9.946933304490432e-05,0.0001629819230973207,0.00015383998060212428,0.00010265318197722483,0.00016672359441336916,0.0001376098862157559,0.00015284633339392078,0.00014105711509581186,0.0001064745870198293,0.00012465885355180303,0.00015603496510138687,0.00017289107552450507,8.841629525987623e-05,9.839037591596624e-05,0.0001072963655740733,8.338812495177019e-05,0.00019057398583617466,0.0,0.0001003030466306395,0.00017939703860947725,9.581587767159639e-05,0.0002144481503183974,8.443588672950433e-05,8.269332319278084e-05,0.00011271002000311301,0.00016541325027797795,0.00012079249140248086
51,0.00011858012848450165,0.00015413005203587324,9.947246716533568e-05,0.00015817894611062596,0.00010077123639626041,0.00011134650013617602,0.00011620041820128231,0.00011822181876679513,7.633204252594876e-05,0.00015840813887446476,9.228131859789184e-05,0.00016524607813221215,7.811009907594623e-05,7.997480715496166e-05,0.00011033210419210072,8.64498121369512e-05,7.095544523315567e-05,0.00019520122037546388,0.0001709187436522138,0.00018559680135534675,0.00011669808064904495,0.00010105286389378968,0.00010963906424897525,7.140357990425631e-05,0.00010581718979846718,0.00010135687932838624,5.2007548527623997e-05,9.920345804089965e-05,0.00010415464709519841,0.00010845269646148637,0.0001809679213939657,0.00011149160581341526,9.938157177315823e-05,0.00011774910332221927,0.00013006561641748502,0.00017667480307364503,0.00011722444665519669,0.00011491933037743669,0.00013596780272058507,0.00015533245391632125,0.00014603536599741863,0.00013429938934125913,8.737599502795158e-05,8.26216531068992e-05,0.00012554176651134887,7.322678971990643e-05,8.971816829151878e-05,0.00010544887295228436,0.00012243231656837924,5.895108759780741e-05,9.023167364920713e-05,0.0,8.677075056118224e-05,7.022724206191635e-05,8.243923432220423e-05,7.621031013088152e-05,9.48503842836605e-05,0.00012126480558709249,9.175236196481593e-05,0.00010648373350532318
52,0.00010699896918867882,9.778684316051243e-05,8.665773242404812e-05,6.49049013015965e-05,9.397973457187336e-05,6.678904689352189e-05,0.0001518444840774947,6.41329071261258e-05,0.00010987296903524309,0.00013170022032947822,8.108980746135083e-05,0.000135669949243339,0.0001740563801736903,0.00016637469791331715,0.00011923434922902136,7.317014775005228e-05,9.921971876363917e-05,0.00011801394751048917,9.304177647987884e-05,9.306430941810094e-05,0.000125746896926126,7.30922366406008e-05,7.807492495155693e-05,0.00014799773591727476,9.759108498979842e-05,9.76982910281348e-05,0.00015289846768255048,9.91321498940108e-05,8.387141004461976e-05,0.00014804756114250738,0.0002045228392286423,0.00015289665385565378,7.946265537568333e-05,9.897410651512883e-05,0.00017137174063718003,0.0001563749715850952,8.643709106425045e-05,0.00010730646682318741,0.00014735218435129007,0.00010199859565684157,0.00015837770179216636,0.00022135751968942462,9.597386218065133e-05,0.0001431917249441321,0.00012331383277728987,0.00010025060390847696,0.00014040082109984106,8.471443646429076e-05,0.00014334166128696392,0.00015196253877949303,0.00010756990630461515,0.00011876087642252926,0.0,0.00015418880570818936,0.00020261413003479323,0.0001738815576043803,0.00011269801872998058,0.0001471056072083718,0.00010596736468156417,0.00012478362512872247
53,6.831350231388472e-05,7.181763634631953e-05,5.418818470617968e-05,8.542818872465455e-05,0.00010269257887747898,0.0001255496723740331,0.00018728124287861164,0.00015446700027009526,0.0001272539300937517,8.06697299961738e-05,6.726317578936138e-05,0.00018066036449226257,0.00012629108734340383,8.030469865396631e-05,0.00014476073966306234,7.135308355346324e-05,0.00012619786451662881,0.0001337329808349018,6.61497479408381e-05,6.622204410794697e-05,0.00014964458738353926,0.00012686545982600763,7.060413166978069e-05,9.345738978500321e-05,9.917368690375301e-05,0.0001887128132408482,0.0001044051803850347,0.00015000415735998284,0.00010251570419619767,9.561531842266698e-05,0.0001876560786288441,0.00016044820637974667,0.00013961045660240988,8.207548693746599e-05,9.780034203276602e-05,0.00011870474397814421,0.0001473155606020547,9.495778865833623e-05,8.682395620042242e-05,9.961522166388572e-05,0.0001634484733135825,9.861708605347311e-05,0.00013712107075040616,0.0001234423116262934,0.00010974943601706688,8.649563830421357e-05,6.650582402660185e-05,9.35715171630258e-05,0.00013046662306196816,0.00011672292029877169,9.347205169858713e-05,0.00012344394129120437,0.0001688933280160785,0.0,7.862680938996777e-05,7.337644579201776e-05,0.00016772518463200754,0.00011044339833090179,0.0001754671441826225,7.940654605667892e-05
54,7.721524424116002e-05,7.401429934677371e-05,0.00014726230907043456,0.00010973316769003327,0.00013041920726300708,0.00017767577520386884,0.00010596976821493386,0.00011628323982374409,9.390295191000203e-05,8.749405701147867e-05,0.00011405474413525225,0.00013064337150628873,0.00017603936290189822,0.00012408586582362885,6.882474951759459e-05,0.00012520143345550754,8.157010351108712e-05,0.00012587453500343158,8.858641995288449e-05,7.400802187910454e-05,0.00017421910103777128,0.0001551267755728126,8.642248665805669e-05,7.329906135866005e-05,0.00011005895675891372,7.106049181413299e-05,0.00017478558341095822,0.00013351458050408306,0.00012680837305544473,0.0001445672838106601,0.0002169845506288901,0.00012128203983677381,0.00010878446646620395,8.131561120343373e-05,0.00023282681822889525,0.000163762306698555,0.00013002604801540924,0.00014000274388217327,0.00010892890629010218,9.592332454544402e-05,0.00012979405559955135,0.00010748535383798419,0.0001428301725627142,8.293659486128045e-05,0.00015218134138343683,7.990557555405301e-05,0.00014567254940891535,0.00013733701614151598,9.258052081398677e-05,7.212336481111583e-05,0.0001427496304906549,0.00018681312301283262,0.00018066834368551376,0.00010428969061777913,0.0,0.00016238388247848896,0.0001781988154822791,7.205185814630324e-05,0.00010185512098251046,9.798207141058747e-05
55,0.00013466073505052464,7.047040283037123e-05,5.9005201844374224e-05,8.85213023578569e-05,0.00013958813876579408,0.00016096951677810472,0.00013318667335720244,0.00012570759392468978,0.0001181878915328679,9.127273381882476e-05,7.014730972504969e-05,0.00012825092759609607,0.00012480042064562892,0.00010606218522863195,0.00011022703370772803,0.00012634799531854922,9.525286497360721e-05,0.0001445056747885742,0.0001501003532904996,8.403534314242458e-05,9.104219254554406e-05,0.0001133456975538594,7.186937860356672e-05,0.0001378841425308684,0.00010091099387651958,6.64047534151462e-05,0.00013366645691884323,0.00010084846591652699,0.00012581474739228155,7.846849955917272e-05,9.050054653351741e-05,0.00013643210966352652,0.00011535342974881896,0.00021027350440357593,0.00012879569989001103,0.00013348754253985278,9.602946450747633e-05,9.839685683885228e-05,0.00018084037389344004,0.0001108736811083179,0.00010188675091720868,0.0001526531127980584,5.6854691937360864e-05,0.00019312562100703805,0.00012886450965043247,8.180500105286696e-05,0.00012392040257596293,0.00017703070447815206,7.296322814071048e-05,0.00016615434744472597,8.116009084383506e-05,0.00018896527422265706,7.880763460474718e-05,0.0001494205103183681,7.179344078310386e-05,0.0,0.0001228298752698296,9.851550585811602e-05,0.00019415224592046442,0.00010662020929704803
56,9.102332225865051e-05,6.403926877599091e-05,6.853265661286686e-05,8.633991767164439e-05,5.7853859983351915e-05,0.0001126635106372811,0.00015616227073290156,7.841884870387808e-05,0.00017586417247504057,9.139622163392384e-05,0.00011984122759574193,9.788088541183053e-05,0.00015697534979533696,9.544541129058177e-05,0.00019066179215172292,8.36693377932827e-05,6.110013570079653e-05,0.00012779230817723503,9.269401789031057e-05,0.00012995728755026028,7.516988012941776e-05,7.401155547523493e-05,9.68301995502279e-05,0.00012776470849782187,6.11728764073337e-05,0.00011234938199884037,7.370996827038265e-05,0.00011862179482589331,0.00013596771293788852,0.00011398403845524895,0.00011797531079223533,0.00012542522556668347,0.00014268123454587564,0.00013107414931361438,0.00014392170993695442,0.00019701877589898946,0.0001466646348567274,7.334763028838563e-05,8.880420402361027e-05,9.145894990130856e-05,0.00012409538895468493,0.00016422998882058173,0.0001342750394369789,0.00011669986192450633,0.00011085006329695323,9.181422148247101e-05,0.0001223385859656862,6.072299970485203e-05,9.614307673194e-05,0.00013356428936396378,0.00012693771727555921,9.270572873392211e-05,0.00017168910373276,0.0001098120539277492,0.00013448447282834097,0.00026394740300500556,0.0,0.00013391322750110494,0.00012962054350597308,0.00010449815770959101
57,0.00011643946863023019,5.300904320218917e-05,0.00010025876359324846,9.542161393984814e-05,6.376934112378794e-05,0.00012038051941532501,0.0001429206785062918,0.0001186136249872486,0.00011350887894529423,0.00011217064632539883,0.00010944698461442512,0.00014268931490799314,0.0002082694651861485,0.00010465630776278011,0.00012098483243195935,0.000178727249584131,0.00011359887652805259,9.46460635837069e-05,0.00016656016836754569,0.00011124377298965737,7.600434946769304e-05,0.000134533038980377,0.0001821230704384162,0.00017712482518375522,6.53928878335921e-05,7.769455374251024e-05,6.378618936616723e-05,0.0001555797240082537,8.03754321484516e-05,0.00012975076247858654,7.26487505469164e-05,9.343070072202404e-05,7.939371208492364e-05,0.00020248387687660322,0.0001071651470320116,0.0001557126929782504,0.0001769768154368621,0.00020164810875217913,0.00019398509849340208,0.00014480219681846615,0.00015300676304975727,0.00019020323040842976,0.00013270151086074825,0.00013360653174796213,0.00015095804094444144,0.00010606394871731077,0.00011360763950962924,0.00013839271627246133,0.00011606818386774463,0.0001449514352784992,9.238322176124955e-05,0.00012052352986539051,0.00013587047805152058,0.00010671325087004317,0.00011576148459777855,9.586501017445357e-05,0.00011862144071063667,0.0,0.00012179245522910313,7.907929604984091e-05
58,8.754031726440818e-05,5.48629889076201e-05,8.230158882778719e-05,5.9456928255008735e-05,8.70918860537101e-05,8.294498493684119e-05,0.00018542685744049413,8.095520849952934e-05,0.0001582013118573266,0.0001949972380511859,0.00011402221070020864,7.97864923009586e-05,0.0001025788959473229,0.000189928419342399,0.00010944156211218209,0.0001101615233960769,8.14471892584849e-05,6.625385236670512e-05,0.0001007655695922815,6.993344208264852e-05,9.270202770492392e-05,7.534467443101421e-05,0.00010314204354236856,9.622310904692698e-05,0.00016864263960856358,0.00012112313298375484,6.705171331140025e-05,0.00010796057498819783,0.00010694794103147118,0.0001637975987189103,0.00012512518694525294,9.727390294104836e-05,8.307285535808154e-05,0.00011086131729187972,9.506171273503518e-05,0.00018840271905182606,0.0002182151466264979,0.00013779709438064107,0.00010337747745156839,0.00013025898204413157,0.0001967763752549338,9.21588757908434e-05,8.168239306481826e-05,9.579725079579145e-05,8.471042256409775e-05,0.00014877014390405084,0.00016707732275438532,0.00016930420365286866,0.00011313015462674685,0.00015329592583736594,0.0001255288096372399,0.00010815164687819026,9.435394061029727e-05,7.947241810344892e-05,7.291557410872822e-05,0.00010795074294808499,9.68151831064256e-05,0.00015130672469183785,0.0,0.00014095249278383358
59,0.00011903472039003396,0.00010783815448650369,5.560370510576051e-05,0.00014153307979996574,8.615046636896583e-05,9.304259327151081e-05,0.00013958046990652248,9.203645636608056e-05,0.00014043994983923503,0.00014259775907145926,9.634519233398606e-05,0.00017763658170758792,0.00012757144717834908,0.00011552547100411649,0.00016524251325806305,0.00015502979638562446,0.00023628590280740374,0.00012097411412055534,7.70262043559512e-05,0.00010131482172508713,7.399393642189003e-05,6.235665623781799e-05,7.917840272261896e-05,0.0001228744262013598,0.00011560224751156994,0.00013693969302318318,0.00010082276590396898,8.956277654011392e-05,8.820906052397458e-05,0.00016848251083180396,0.00016215278553228716,0.00010745391236438939,0.00012177688178167191,0.00010979623909923647,0.00012476507632665286,9.816807275964514e-05,0.00015060067413191333,9.687177592530437e-05,0.00021110505397931644,9.098083281520769e-05,0.00017114845496003878,0.00012707879497021813,0.00018268612590851912,0.0001227119790938405,7.926904045567366e-05,0.00010559370062085136,8.302024513664303e-05,0.00010589736045543577,0.00012684753668566474,0.00011842193311321228,8.691210313845189e-05,9.101204439315568e-05,8.106487086517915e-05,0.00016123015791458944,0.00011433990131474586,8.761323361571354e-05,0.00011660706253453705,0.00021897078017823438,0.00012092136229384452,0.0
