,0,1,2,3,4,5,6,7,8,9,10,11,12,13,14,15,16,17,18,19,20,21,22,23,24,25,26,27,28,29,30,31,32,33,34,35,36,37,38,39,40,41,42,43,44,45,46,47,48,49,50,51,52,53,54,55,56,57,58,59,60,61,62,63,64,65,66,67,68,69
0,0.0,0.00010980762616391624,9.905648359285815e-05,0.00016575640365287532,0.00030303335951040026,0.00015777656866385937,0.00010700674005047022,0.00013336420963228171,0.00014723573122787324,9.747348173806816e-05,0.0001564881478838938,0.00011694580073819912,8.709308960213931e-05,0.00012420246144544337,0.00011251790612707827,0.00013528150123363924,7.175522791197314e-05,8.520330570259829e-05,0.00010986345410406264,9.056442443029327e-05,8.471036134385576e-05,0.0001155866592389243,0.0001245332552911532,0.0001066639041905594,6.814259217946868e-05,8.382124565024325e-05,8.099168026593969e-05,0.00013237378219719458,0.00011906846514849258,0.00010485508568743776,0.0001639952097114784,0.00010408801535913818,8.009721244034281e-05,9.395414731684107e-05,0.00011702750672302712,0.00011637970531916316,7.209093251021345e-05,0.0001777431705982147,0.00011588866876144385,0.00011332701864148719,8.842260138935821e-05,7.623054502294139e-05,0.00011803449109717581,7.219907513804847e-05,0.00012279955478568185,0.00017385809702217094,8.376386896618416e-05,9.537987081122563e-05,0.00013873879900918663,0.00010099134611673383,0.00019034980094216047,8.44641303481366e-05,8.449753439355568e-05,8.609912838833564e-05,0.00012568648139661389,0.00011677765952778984,9.007935943200154e-05,0.00011524048100438258,0.000106048781464512,0.00012022459990307815,8.300830064025435e-05,0.00013973284570535695,9.270590717713718e-05,0.00010638382636618547,0.00012045760630501485,0.0001054374229785201,0.00014555787863327512,0.00013364605914818775,0.00010066118870063986,0.00014558796099127253
1,0.00012055518116739589,0.0,8.074262983248617e-05,0.00015617688943664118,0.00019627420035342574,0.00017084784830285018,0.00018164114920427536,0.00013082763578469174,0.0001222212678988579,0.00015749392293869618,0.0001479214874321489,0.00011265162622602334,0.0001861364901485691,7.52150096863921e-05,0.00010665309007205119,0.00013011588598035439,9.329447781736943e-05,0.00010744028579115364,7.093017278649534e-05,7.716313212771204e-05,9.201897609695726e-05,8.205715710377537e-05,6.801464110569878e-05,0.00018909196950569074,0.00012132908942417609,0.0002259676303717066,0.00011334067398356115,0.00010207943155596511,0.00018012718880168097,0.00013820050866469662,9.52557335073334e-05,8.962008759153785e-05,6.69290163735502e-05,0.00016541814396215981,8.12053961287332e-05,8.081875971429878e-05,7.711683846107551e-05,0.00012026013703073487,9.822165346302933e-05,0.00012749014529413405,8.188932679437828e-05,0.00010930561140833828,0.00010019158180323093,0.000143621310043859,7.547573388705375e-05,7.11992124733336e-05,9.841659707742822e-05,0.0001582729652469958,7.09799563623905e-05,0.00012719358282822514,0.00010411680730790532,0.00013531090962265753,0.00010824670558738937,7.33652626621948e-05,8.753191530630075e-05,0.00012353761432797603,0.00017711027263019635,8.332461712124326e-05,7.802894997341332e-05,0.00014391764782537432,0.00021411477155044357,0.00010111822616094229,9.969009951796547e-05,9.512362848941987e-05,8.156182943876745e-05,0.0001252138962819371,9.517586195349778e-05,0.00013201704380865555,0.000187513406809427,0.00014473916562720925
2,0.00010156991731245278,0.00017330203235147053,0.0,0.00019512566347514569,0.00016794411553713536,0.00010847539460620663,0.000157581377528538,0.00016125365310028017,0.00013618458007007384,0.00016519553277000875,0.00017213050131947928,0.00010389433008069718,9.994346761429818e-05,7.934810383877115e-05,0.00010801962677530009,9.899273307149888e-05,7.382162791086638e-05,0.00012158466535710445,0.00015763027755587083,7.74169095641069e-05,0.00016669129840702425,0.0001021479223803316,0.00010015163393629535,8.611002680467713e-05,0.0001318124607488748,9.386111388275474e-05,7.75643280911019e-05,8.215581664843899e-05,0.00010178941561109629,0.0001008177245616477,0.0001298599501037067,0.0001312866795079965,6.421688122588947e-05,0.00014779010945681735,0.00010223280172336224,8.875456276792998e-05,0.00015041662710462022,0.00010052982473049092,8.746318624693264e-05,0.00016282733114967552,6.196908804857414e-05,0.00015576968791040103,0.00012491058329433272,9.414884199104443e-05,9.552140060094506e-05,0.0001207761065461461,6.350890708738909e-05,9.611559620462096e-05,0.00011287827545265777,0.00015373820985656357,0.0001180193150355646,0.00013772469036025847,8.179832806339753e-05,0.00016966058004240858,0.00020754941299481292,0.00011548789866525696,6.273585982915521e-05,0.00011673111547102776,0.0001576745749023257,0.00014712439921861538,9.572915527912208e-05,8.845140669220385e-05,0.00010485492949607459,0.0001041932834238767,0.00011116547605200405,0.0001391036458194035,0.00015098446762183592,0.0001836771948507991,0.0001281748432831759,0.00011850008449552163
3,0.00012141607949889487,7.293785559195203e-05,0.00015259360268261887,0.0,0.00017446478117772384,9.608613645608267e-05,0.00018434383462310704,9.689037516889002e-05,0.00017613790302748505,6.11476241833842e-05,0.00020007203466495773,8.164911382462218e-05,0.0001223876484412929,8.540110164197673e-05,0.00013870479209161665,9.602710064689707e-05,9.964282887534581e-05,8.364119287090629e-05,0.00013260285067046,9.47814888577837e-05,7.90052175778335e-05,0.00011248558708185632,0.00015536597758217187,0.00016284907099340846,0.00011454708507823329,0.0002163280079140967,0.00014967065311477087,8.807119233577719e-05,9.141625519517416e-05,9.475883883618786e-05,9.00549257329427e-05,0.0001543456441184613,0.00011426109280868926,0.00014484020861064867,0.00013108127452217142,0.00010060896125263655,0.00017002911925317738,0.00011817550339988967,0.00013273575895891902,0.00011937226705240907,0.0001446383546836435,9.587636129655705e-05,0.00010522071050752231,0.0001430586396501026,0.00013471649182761396,0.00012085603642033963,0.00010628162760614902,9.265507246427465e-05,8.917206907446936e-05,8.937843621235395e-05,0.0001222079746196032,0.00020881878510645697,0.0001565360804296555,0.00014024515348393354,7.685649209694636e-05,0.00014260429357323623,0.00014393006430689356,9.872462764983823e-05,8.218598814081903e-05,0.00016592313967335394,8.977698641283629e-05,0.00010673631079884655,7.849834002406064e-05,9.402836051002145e-05,0.00016913001981151194,0.00012281828388517214,0.00012700426258940295,0.00015033757230217533,0.00011360704670725383,8.120173538502386e-05
4,0.00011966717755527791,0.00017161070993114793,7.982464286016861e-05,0.0001415127280932049,0.0,0.00016576657473246805,9.052819076082554e-05,0.00018044627524030016,0.00012574417898829717,0.0001211232869062756,0.00016161891136527918,0.00019092592771573818,0.00016847430149638875,0.0001188247552881563,8.86840310469701e-05,0.00011707503364941371,0.00014600529628136248,0.00012841106430637534,0.0002035186420695076,0.000100722492840552,0.00015414498479046583,7.789517968810665e-05,0.00010852773792534217,0.00015304956709493917,0.00011294937342904327,0.00016764568130688822,0.0001977396205278766,0.00011598129055047866,7.69828320760828e-05,0.0001616684295755058,0.00010283710519844329,9.496394447615393e-05,0.0001025950879187751,0.00010142364756792151,0.00013941802472846698,9.666877318957995e-05,9.063303097618997e-05,0.00017146273437941613,0.00012166491024295385,0.0001824393542092434,0.00015116362808313005,0.00011056543619423643,0.00010779901841666602,0.00010383019380013264,0.00013114370505992758,0.00010469259288795843,0.00015128880833268477,6.865471562005876e-05,0.00013136361223417136,0.00010165173331448279,0.0001219862524224223,0.00010056968821044751,0.00010654108427561862,0.00018409978010879984,0.00012839469995722276,0.0001507174793202806,0.00013591083655382593,7.199310969565546e-05,7.008076242705211e-05,0.00013603803884230353,0.00011316854499322954,0.00012920886366053563,0.00011650629663094826,0.00015294603758742714,0.00015570651158774282,7.178381430856593e-05,0.00013959622076539657,0.00019271843983302965,0.00011410578894120724,9.962903487446706e-05
5,8.18932049363409e-05,0.00010149809071846941,0.00010254227854969412,0.00017444397531402478,7.525680920900655e-05,0.0,0.0001382536888156637,0.000157188525226422,0.00010965369440503428,6.976697486897437e-05,0.00010693965445315897,0.00011792284543824381,0.00010188739495394108,0.00012799302024067214,0.00013878156321633713,0.00013657890555755453,0.00010001258120864702,0.00012019659788590097,8.562450121814081e-05,6.714672332302258e-05,0.00013454171641092896,6.387086540091365e-05,7.472955807961426e-05,0.00017641244884028593,9.058100819503285e-05,0.00013998034835503164,0.00013975111094004407,8.812766291783515e-05,0.00010865306087058045,0.00010241968212755015,8.139865489984516e-05,0.0001599170874356918,0.00017452001754980588,0.00014308724518068066,0.00010631347763814003,0.00010880847565828512,8.475692252711427e-05,8.068176527814827e-05,6.109735157818291e-05,0.00015243135929110234,0.00013791617860577768,8.328182659450137e-05,9.170598547434924e-05,9.817445392938739e-05,9.384067667320138e-05,9.049435177229724e-05,0.00012353569216277924,0.00010584410509284621,8.393553317020925e-05,0.00010740821547653042,0.00012250119677910943,0.0001209143904977612,0.00013312397177390244,0.00023058986292370006,0.00014825790361244686,0.00011335459767692733,7.401393437265673e-05,0.00010956055628714234,9.638877490765657e-05,0.00011290109441602787,0.00011074002380837488,9.133981547282227e-05,0.00014446610297892147,0.00012045745631121558,0.0001382399210241728,9.061122077630726e-05,6.650151579209449e-05,0.00012619285875874338,0.00013099470819758526,8.4936511393675e-05
6,0.0001587116409386123,0.0001513900814406061,0.00019623156134792612,0.0002095585470979921,9.925252580488291e-05,0.00015823961976735022,0.0,0.000177834845815136,0.00016632061640362995,0.0001238320776686868,0.0001557327016593489,9.588143735020407e-05,0.0001889530543959205,7.72545706186941e-05,0.00010183074164749088,9.088276300255793e-05,0.00012007198265044799,0.00013400806754677522,0.00010645889528535207,8.477176297256702e-05,8.312512267162167e-05,0.00010692839087655583,0.00010110962663061781,8.073840595188215e-05,0.00012490596826321388,0.00013268833278286268,0.00013829500132085302,0.00020313217467891976,0.00015327687571930899,0.00010372733750240388,0.00012347857768419825,0.00014878710887531664,0.00010639125536495185,0.00014023106581180375,0.00011789573984711163,9.67417610429217e-05,8.317948253473061e-05,8.693607810021237e-05,7.075725986902254e-05,0.00010110694779627226,0.00019917618617734128,5.506342931050123e-05,0.000141029816322629,0.00011908287253505722,0.00011048120300906565,0.00010268200848919179,7.870065743696257e-05,9.253994012748392e-05,0.00010039687182290829,7.474347703301288e-05,0.00011552277122703022,0.00013967094552297748,0.00012745899216405466,8.078168739796908e-05,0.00015206352745669353,9.862713698013598e-05,0.00011444511402216193,0.00011658975494851943,0.00012738770616645194,0.00015512970036916089,0.00015015164916655193,0.00014357986270720037,0.00010347409363431857,0.00014930105323849089,0.00011066716662821607,9.683990844328556e-05,6.87131248616373e-05,0.00011629908839202836,8.808005697060374e-05,0.00014860577812387057
7,0.00018874281283143306,0.00013108968515798255,8.194087645760254e-05,0.00021560841951827236,0.00013331025986304735,0.00015693584510449582,0.00019761471389655188,0.0,6.833610233797869e-05,0.0001304132512591976,0.00012633486282014676,9.618204311738988e-05,0.0001227533711724107,0.00017691154083032543,0.00018351639786562212,0.00011941009935165682,6.483698408256756e-05,0.00017285566639612169,9.970618718439817e-05,8.378831874323221e-05,0.0001035351070623757,7.362438055132756e-05,8.609234176962228e-05,0.00014879438565170968,8.283959963978882e-05,0.00012310900677776418,0.00022710482947033386,0.0001620849128686161,0.00017690138253816787,0.0001382382790027524,0.00012102220249519366,0.00010879544645315453,7.67149512534746e-05,0.00017788619466413413,7.421802382503587e-05,7.915932676255287e-05,8.056577009066821e-05,0.0001347293868400502,9.165227357646466e-05,0.00014245728197730974,0.0001509696610517397,0.00015410482627690124,0.00016147968934497706,0.00013044818015985952,0.0001131133505377998,0.00011697919002650746,9.243908034569357e-05,0.0001161775808636984,0.00010964457099436915,0.00010630668297150981,0.00013212097957563082,0.00020046049629335118,6.41319484850916e-05,0.0001572788449038124,0.00013337979699055757,0.00013513840695913307,0.00012429728121407708,6.789513417993757e-05,0.0001284241280689293,0.00011634927727321943,0.00012896045910718712,0.00012061885341927511,7.481118574806366e-05,0.0001406633120755114,0.00018253178978344244,0.00018889326573160876,9.898589084698054e-05,0.00011360521548679995,0.0001246189669040569,0.000129755466448087
8,0.0001302409908563963,8.566815448433469e-05,0.00010652753525858293,0.00019336553165702188,0.0002129771775082261,0.00017715416394584077,0.00016254713304566772,0.00014309869743628462,0.0,0.00011280093333697654,0.0001472906853121166,6.013562633069874e-05,8.144337599988639e-05,0.00017056852078804543,0.00011551389861874374,9.268367237961784e-05,6.490497154962828e-05,0.00013150906283419103,0.00011284672035089881,0.000114569071101919,7.323857733975785e-05,7.518294901307342e-05,7.702824179506542e-05,0.00011227709445343934,8.169015667024038e-05,0.0001793022105947925,6.68998374874929e-05,0.00015049775321736023,0.00010659089739776896,0.0001016373210228041,0.00012454823601120213,7.950083677617161e-05,8.995050270982607e-05,8.866121321943309e-05,0.0001965412145899977,0.00017867369755114447,0.00016239936149746822,0.00010884969680348695,0.00011377082923359706,0.00018146888327167122,0.00010356167416139412,0.00010363551548210887,6.211003293511778e-05,0.00015165656008198262,0.00011663288357261074,9.931325546033139e-05,0.00010016918355534181,0.00012242746115008577,8.009276077711018e-05,0.00014983081040642398,0.00011414351305399319,0.00011734963136273598,0.00014197526745664304,0.00013366487226581394,0.00010808793928079112,9.824634586933546e-05,0.00011637635091675728,0.00016745458492813513,0.00010147514507882516,0.0001688479302714477,0.00011109574595248982,0.00011837826966719085,7.220792768257892e-05,0.00016188193467459876,9.755902501150246e-05,0.00011854385535252037,0.00010639369692202055,6.900086468058073e-05,0.00010969021876513547,0.00017053183225315783
9,0.00011752344738665612,0.00010231467473039333,0.00016429810059959666,0.00015750407032562617,0.00014382226813643826,0.00013896065232989977,0.00018074842929853118,9.27414121460479e-05,7.941828075078852e-05,0.0,0.0001882549491869277,8.092440051304656e-05,0.00016597924321403348,0.00012301684063160669,0.00013585390985020593,0.00011280241467766396,9.764191673264936e-05,0.00010204341324821256,0.00011634198621730147,9.298375902229655e-05,0.0001435517449842358,0.0001008601287274624,8.505689328812453e-05,0.00014594515704979355,0.00011181865217521447,9.988722199504663e-05,0.0001244778967640161,7.751535451239487e-05,8.910862881723942e-05,0.00019264147248714944,0.00011139803069851253,9.935057592571958e-05,0.00010028610742790142,0.00010811386646241637,6.989213835727159e-05,8.349103538595052e-05,0.00015903583366720566,0.00011916207268624183,8.21038693935445e-05,9.10758591777069e-05,0.00012690154196990917,7.734366759742071e-05,0.00011437861771787843,7.369200549975804e-05,0.0001309872622167803,0.00010220461908574663,8.546195857831446e-05,0.00011495935821816913,0.00010080963021258183,0.00014595339066018824,0.00012263414918027606,0.00010245135693592766,0.00012126039301596115,0.00010827772519804463,0.00011920848515612273,0.00012160445973140453,0.0001387924370077284,8.051566624409769e-05,7.132523557843833e-05,0.00017202067889354297,0.00011990283237551943,0.00010653746926926953,0.00014109921708264944,0.00012760421982529864,0.00010301176158878004,7.138133564279413e-05,6.115574253536755e-05,0.00013541058649578716,8.946639746661518e-05,0.0001455769376154173
10,9.594396537325008e-05,0.00010169737622039595,0.00011388270786671505,0.0001298975282819036,0.00017726927885256213,0.0001427070190886564,0.0001498830597150458,0.00011366221661999504,0.00013597082454347236,0.00013587198661724014,0.0,7.218796048244914e-05,0.00010798761479118872,0.0001116982318724883,0.00021307223713951343,9.446817761366975e-05,6.571599502190725e-05,7.728767638327194e-05,0.00018322635803636668,0.0001078351678686638,6.645582329466565e-05,0.00010192526070706347,9.767583850330054e-05,0.00013625101750785172,0.00010652895169630214,7.837721442326515e-05,0.00011433887538462972,0.00016127248396709934,0.00010235820847222291,0.0001825644129555487,7.062702141190059e-05,0.00011653064966169061,9.850214899009579e-05,0.00011626682100146596,0.0001289106686213242,0.0001394855384441847,0.00010090878765329989,0.00016435967595075478,0.00010791025341628904,0.00016299420696169002,0.00011061485664702343,0.0001340769564824519,7.466268908104771e-05,0.00013380617632518483,0.00010074188306186811,0.00012427775859943533,0.00010357007140175097,8.76617862240802e-05,9.07966310957725e-05,8.59394442582319e-05,9.216194133681396e-05,0.0001274896397100352,0.00013392621019540923,0.00015520310245767084,9.789959326179655e-05,0.00017535955089145378,0.00010437091731689824,0.00013245360123202132,7.441193205645551e-05,8.73129019121137e-05,9.079657423203463e-05,8.297948909030318e-05,9.612908835724508e-05,0.00010451114355252112,6.893091043086138e-05,0.00014274522274318488,0.00011468604534700723,0.0001284583937209849,0.000115691629630474,0.00012434166428315827
11,0.00018786169781736408,7.378445510094335e-05,0.00011934330540123216,0.00012735630052218246,0.00011399121037788532,0.00012898172312865823,0.00012533705980905774,9.917151771046069e-05,9.13011740233313e-05,0.0001226229982487872,0.0002050002373675899,0.0,0.00014156529294078412,0.00011100905064433224,7.23193356669585e-05,0.00010447118953196725,8.705241473690875e-05,0.0001318160319490981,0.00013527362278012978,5.430022023558396e-05,9.83718248017792e-05,9.311609817421819e-05,0.00018239812237935777,8.907172251136912e-05,5.993966145295935e-05,0.00012538916711655532,0.00010489482690663459,0.0001291937222147227,0.00015459735727787064,9.09994741063882e-05,8.13815605328622e-05,8.167698869267186e-05,9.552838114058792e-05,0.00010793338753299757,6.940648039912191e-05,9.200471430343747e-05,0.00014482497265396398,0.00013139264153149,8.861446763393283e-05,0.00010317469492576083,0.00013857586045228944,0.00011044563467139788,0.00015413681024759195,0.00011814372804000572,8.840592452574035e-05,9.016540756035835e-05,0.00010446659583690946,8.215420674085684e-05,0.00011530637389824393,0.0001480240330704497,0.00011484565595685688,0.0001771330481197871,8.374804258413956e-05,0.00014810980016513394,0.00010104227566671088,9.391532592777863e-05,8.776792979162328e-05,0.00011691483512703889,0.00012296909020577257,0.00016568995350743054,0.00013688190677330276,7.269119208430893e-05,0.00012442585692380595,0.00017079775525082627,0.0001259438088048847,9.726436710911971e-05,0.00015111028969609175,9.801508931907722e-05,6.376700756218302e-05,8.43295840717066e-05
12,0.00013897916071835173,9.399882038632282e-05,0.00011556712874585889,0.00011169284465675391,0.00016186726678281722,0.0001268811552340262,0.00016068918818662413,0.00021407189072689432,7.67336592973879e-05,0.00012221334621850558,0.0002138230364053407,9.183450008545212e-05,0.0,0.00011700651422124327,8.552735727087533e-05,6.697453837239094e-05,0.0001234095581542316,7.376074436863816e-05,0.00011072223379125852,8.791204467901329e-05,9.239027225290875e-05,6.492474164741372e-05,6.482337403448435e-05,0.00011528023258389884,9.752066754213228e-05,0.00017491379699045989,0.00010572023875446941,9.75898974104472e-05,0.00014055872998827094,0.0001421746654252277,8.864609599826681e-05,0.00011920802748455729,6.958129415315046e-05,0.00015303481786510477,6.137160531935045e-05,0.00010686947317354918,0.0001358269990838367,0.0001339478769550517,9.053798810789598e-05,0.00010375488239138415,0.0001043590658795576,6.442959808515516e-05,8.764916305565471e-05,0.00011912978303284943,9.008107562354118e-05,0.00011555260406449219,0.00012785155234780932,7.261512270607201e-05,0.00012667376965411087,9.690412855109995e-05,7.446260072492254e-05,0.0001673222387752819,9.485617959883789e-05,0.00012030494447999513,0.00012666542421338673,0.00010372519115078261,9.101496856482988e-05,0.00010082036982073534,8.016442420046691e-05,0.0001603456546478418,9.767717709364026e-05,0.00019687076483477503,0.0001784400310602237,0.00012670479057398589,0.00015645476546128075,0.00012152908190209461,0.00012201078405699489,0.00011511524533398063,8.398886745114613e-05,0.00011031543967181782
13,0.000116163746626167,8.699175044261055e-05,0.00011903607966501631,0.0001499377074443502,0.00014757423616936112,0.00010466074363185215,0.00010496556653759944,6.764492820698834e-05,7.84061049953216e-05,8.905193284898511e-05,0.00012419238257319642,0.00013664923381988427,0.00012687766309833501,0.0,0.00011028385200701334,9.597545101279325e-05,0.00012945191542483635,0.0001428400329864862,0.00011422454337419091,6.785696684630379e-05,0.00014300885777512244,5.956463442775751e-05,9.528121090787372e-05,0.00015747199117023084,8.108131794730908e-05,7.293783310146396e-05,0.00021625390340411477,7.204630325081782e-05,0.00012053515381954388,0.00015088112249158906,0.00013077385845714263,0.00018516779789516796,0.00013027306798817485,0.00022489488524884534,0.0001320856208665251,9.673345933371227e-05,7.176883157982053e-05,0.00012183433110922906,0.00015979158273177196,0.00010452915821373863,9.060236812351131e-05,9.194835949065798e-05,0.0001259260225891872,0.000128923425214738,9.69697451108691e-05,0.00012187467089063006,8.837349800440996e-05,8.28282677364513e-05,0.00013369860063802355,0.00011462225539404626,9.419503117776008e-05,0.00023659294933657765,8.906871160605701e-05,0.00013374651769891495,0.00016727521513713444,9.39451379033999e-05,7.890177868265718e-05,9.694131370788895e-05,7.336187469454544e-05,0.00012568999950688436,0.00011200431391652509,0.00010211517018125579,0.00015985855182629684,9.253136466395197e-05,0.00016498555785218245,7.994314576055551e-05,6.602245504032314e-05,0.00013343141095653238,7.846907074842709e-05,7.561362425012747e-05
14,0.0001409673825888798,7.789945413774189e-05,8.159691770116556e-05,0.0001430791641456207,0.00012635060254695087,0.00011671004054175665,0.00016411302164356714,0.0001776980826574809,0.0001375629370947874,9.213679935738272e-05,0.0001360087546181338,8.039271453182666e-05,0.00012970994741440665,0.00014924213007832878,0.0,0.0001749147374549758,9.5168909980869e-05,0.00010828282983542877,9.870168823580216e-05,9.769276107089944e-05,9.287705782462492e-05,8.665373559774442e-05,0.00011755703273565276,0.00015912493515225082,0.000122866702472928,6.093656733585593e-05,9.447376865135624e-05,0.0001264975559854471,7.125194774948176e-05,0.0001373579045615487,0.00012599702127817617,9.56375500152129e-05,9.859728537831984e-05,0.00010790015433064919,0.00010500511215097887,7.806159286645791e-05,4.9666024447254376e-05,0.000144658349222062,6.994536223280962e-05,0.0001054736727203937,0.00015636092545607703,0.00014026146421167429,7.445556350941756e-05,9.527666347350663e-05,0.00015829423449160968,0.00014217918075674617,9.021226350688777e-05,8.95241353852474e-05,8.670232281722778e-05,0.00010550517845818753,0.00010468579033630858,0.0001352823115576972,9.032516949267605e-05,0.00020052011837994884,0.00014772602943170508,8.519590326887564e-05,9.334049251862596e-05,8.871405264932014e-05,0.00010367409588951255,0.00013461690993352252,9.981797255612518e-05,0.00015075027734864208,6.0941388651399276e-05,0.00010115826231802137,9.177867397303419e-05,0.00013500575650394927,8.866069884412394e-05,0.0001365684083981153,9.689920621897454e-05,0.00010401417482892553
15,8.600156733083812e-05,9.167550435071047e-05,0.00020536855274680077,0.0001733294390985631,0.00016694995503728686,0.00013577479925560264,0.0001587901664941097,0.00011273012444573274,0.00010810649196251192,9.663420090631795e-05,0.00010512548857557672,8.605647521880318e-05,0.00012873469294444372,9.152099517438537e-05,0.0001743226387159129,0.0,9.371134353288515e-05,0.00010073635941845761,0.00011831315358354327,0.0001253241535061225,0.00010561796297721974,9.36793961495448e-05,9.966327517202423e-05,0.0001738523008731929,0.00011220505260135367,0.00017991771128615696,0.00013951169404588095,9.859063337322271e-05,0.00013332091585095107,7.504034552195335e-05,0.00017189276788144516,0.00016938816352656054,8.546688434323467e-05,0.00013516508647974234,9.27019605288326e-05,0.0001256664461809854,0.00013486177165081902,0.00013949720201803672,6.190861248771394e-05,7.37313981920941e-05,0.00010885047131352283,8.437023264590628e-05,7.930757198049001e-05,0.000101970679172869,0.00011860074779171967,0.00011135888429322236,0.0001282990631834733,0.0001075361101862561,6.670445934864208e-05,0.00010146913169147901,0.0001577059774245386,0.00016350353372705822,0.00012163035306881543,0.00013351767372837866,9.933831194946641e-05,7.530579800364282e-05,8.31712543587305e-05,6.957604818489179e-05,0.00013555191026886043,0.0001100924757445228,0.00020237904986209254,0.00013934300961860875,8.724925818447563e-05,0.00019199603633012673,0.00011552356486487234,5.663265337409908e-05,0.00011624599372286271,0.0001877425595256473,7.501487398582493e-05,0.00013582704514734418
16,7.507894408829871e-05,0.00015616674461177684,0.00011310410313177247,0.00010283895540478233,0.00010556723846415897,8.292925836817469e-05,0.00011665784014283448,0.00016116016386638,0.00013976110292566714,7.721808047305062e-05,0.00015578078275814718,9.420534382887368e-05,8.612662535900885e-05,6.298577210833558e-05,0.00017219912460016723,9.260151985259614e-05,0.0,0.00012644047584041025,0.0001296507093831336,0.00015567419011857517,8.920555642659416e-05,0.00012137425651570537,6.96344520687868e-05,9.368847585593899e-05,0.00011977403369143298,0.0001429212118963459,0.00013425703311725656,0.00013440300716557665,0.00013037979588733148,9.331939743715131e-05,0.00012275294119090143,9.56209582322684e-05,9.29270965214026e-05,0.00015383641014323125,0.0001309401461908863,0.00015077003270984923,6.875782335126602e-05,0.000142622942540074,9.083578265654387e-05,0.0001318345494798437,0.0001843405685038872,6.649710942591227e-05,0.00012503954420272837,0.00014467107065515693,0.00017305472092307505,6.290920931905215e-05,8.134416590535441e-05,5.8799048525414105e-05,6.883681510188249e-05,7.481401597725403e-05,7.831143214574512e-05,0.00012259640393669834,8.04062343571321e-05,8.172653585229634e-05,0.00010339034598830924,0.00014907531174739255,0.00010813987208250237,8.211882792623766e-05,0.00010512938672382435,0.00014801270870748272,0.00015987783140548957,6.531119148096541e-05,0.00013307641382847633,7.6780818108857e-05,9.797580900446175e-05,9.440164091194006e-05,0.00017379594029191472,0.00011879802021711052,7.085122761395594e-05,0.00010403033956789742
17,7.032028303739478e-05,0.00010143256352462781,0.00020444148955704172,0.0002097408584246725,0.00010045492287470825,0.00010111669395699269,0.00013026507019836287,0.00013719876199839973,6.647808066775809e-05,9.08779342144102e-05,0.00021470888122427156,8.28478204942536e-05,7.6258232402192e-05,0.00015706513921385755,0.00015146653549983006,9.723566602281019e-05,0.00011863717138559836,0.0,0.00022786184860505324,7.073888069526394e-05,9.518485779644015e-05,7.298477629018605e-05,0.0001015440423187735,0.00011557505347964471,8.648306017411832e-05,0.0001246126407097237,0.00011683688879722305,0.0001055208604653286,0.00011186749681464378,0.0001441806132128344,6.400303862597024e-05,0.00014709396023204898,0.0001347477805412909,0.000159333905939236,0.00011335437810177531,8.449830450050325e-05,0.00014291649704038263,7.819814280765326e-05,0.00010490911107469626,9.594667856675604e-05,8.632354090335288e-05,0.00010038644725683249,9.577325870972823e-05,0.0001620568845136415,0.00015018590093569256,9.161105602783337e-05,0.00011643560637343187,7.587012498496188e-05,0.00013912622515733564,0.00011095568975147745,9.571857979414766e-05,0.0001561527734784605,0.0001060035509871963,0.00011129275172424622,9.359471583551506e-05,7.402830197740339e-05,9.606465727788562e-05,8.085321479097181e-05,0.00014846571333385053,0.00016863076422985934,0.00012083507767669326,0.00010799325317414255,0.00012177571578115747,0.00011388012142047423,0.0001335634361769952,0.00012970279089786745,6.773406165841981e-05,8.745942167678278e-05,7.736652479316428e-05,9.63146823682949e-05
18,6.667567387189406e-05,9.468866238748869e-05,0.00010671469428228543,0.00010470696302311044,0.00023242710538037286,0.00012199289525954807,0.0001330794205070362,0.00020961144393468357,0.0002090164459058047,0.00010733900167621742,0.00017278416055531656,0.00010795898987457933,0.00010896438897196794,8.396196836910893e-05,8.49593792893491e-05,0.0001112114821546343,0.0001470433578866639,0.00011766196338483973,0.0,0.00010313980202293529,0.00014959793052332583,9.938959155844491e-05,0.00010627156554079953,0.00010263445288343397,8.634424998338665e-05,0.00014109771751017795,0.0001141038365838723,0.00020521859744488012,9.444570646447158e-05,0.00010636778731076902,0.00010491307968327498,7.953046302729021e-05,7.328611274398928e-05,0.0002707169177600435,0.00011258900191081268,8.606909283336722e-05,0.0001084576775778492,8.043681008848989e-05,8.311352473640196e-05,8.487163620324156e-05,0.00011519805814333358,5.510340972792859e-05,6.653430432556943e-05,8.311746595251813e-05,8.894472660889873e-05,0.00014429835783430362,7.644527669903158e-05,9.86442426257919e-05,6.846934663146512e-05,6.562441939344026e-05,9.271432344826769e-05,0.00011737165545817367,0.00013985064424775764,0.00015420295968847575,0.00020810787100077044,0.00012840975916441195,0.00016426196384000197,0.00010329334030830325,5.986150325833218e-05,0.00018998267435417165,0.00011649542188634369,6.464409109682572e-05,0.00014912516377397006,0.00010562569969217396,7.688711016311826e-05,8.685339772068507e-05,8.233654504260886e-05,0.00013315792782711,0.0001909280902092088,0.00011944339201518793
19,9.406697701878288e-05,6.23570688945532e-05,0.00011938876415254394,0.00015232930794370256,0.00014346855833348836,0.00025616305254436486,9.897334651372909e-05,9.001111749799829e-05,0.00011635793764978352,5.929390381710472e-05,0.0001508007362566333,9.364035254173065e-05,0.0001619627919001868,8.817562532899426e-05,7.996414101057494e-05,0.0001684866650726155,8.949721006032187e-05,0.0001579972571944162,0.00016707905112729675,0.0,0.00012175785367930886,9.209969598764917e-05,5.928016164158232e-05,5.988266745904712e-05,0.0001372370366669623,0.00011909293150977134,0.00010570994729684936,0.00010016437985519142,7.377801175273196e-05,0.00011083996733633223,0.00014154732974487524,0.00010353994073746842,8.110611070069277e-05,9.021140728116549e-05,8.9866921366562e-05,6.916160593930842e-05,9.596613174070795e-05,0.0001227152561481731,7.667910359612066e-05,0.00010779594021842924,5.741820637782907e-05,0.00013545718271919856,0.00014997265548263058,0.00014078013261688722,0.00014673235282080738,0.00010413564875912382,0.00011928977439720346,0.00012024081037015175,7.992387828670352e-05,6.0008880319411557e-05,0.00010005552556651955,0.00017494005340455408,0.00012286654748729108,0.00012836603632132747,7.904715342243902e-05,9.747942843952273e-05,0.00010848825315072623,6.887393080770575e-05,7.029677238797764e-05,0.00013965046466339064,0.00015351413388518033,6.623972855886517e-05,0.0001271458790304335,7.196768404089939e-05,9.111638821220934e-05,8.578059571134089e-05,9.432693615219978e-05,6.744842285635918e-05,8.752966582060157e-05,0.00013168292630482868
20,0.00010562478469584974,8.444945031724431e-05,9.834846754173679e-05,9.336648195314887e-05,0.00012063924454927826,0.00017115504470350735,0.00016714993209114955,8.073825593274552e-05,0.00012833005999678061,0.00013914411546592923,0.00010920157758397333,8.295023718288085e-05,9.321084168068859e-05,9.515283991140032e-05,9.758034738973528e-05,6.160912042768575e-05,6.940789866849806e-05,0.00011886428637929341,7.357502364171264e-05,8.798004946196825e-05,0.0,0.00012478168536214998,7.056699384337544e-05,0.00010570219107806668,9.49604941301605e-05,0.00010534789759798999,8.988144747980117e-05,0.00014885907742307697,9.266198550724863e-05,9.183233852305225e-05,0.00011130221755489642,6.32451305814594e-05,0.000111022656354567,7.244884151282765e-05,0.00014877297969092314,0.0001425310260976777,8.814834411325847e-05,0.0001174650802329992,8.445764002605519e-05,0.00010375289101339716,0.00013904736755620978,7.092319373640478e-05,0.00010741272083492217,8.667244834516102e-05,0.0001088460684689871,7.550794808346778e-05,0.00010284731305351879,0.00012652380254924727,9.939261023818873e-05,0.0001190322254660681,0.00011072915501250274,0.00020040001361343023,0.00010862274944770372,0.00017764836976846168,0.0001018276904812786,0.0001244125744334106,0.00011494638230846349,0.00010832934341219359,8.723334414134222e-05,0.00016707582337486266,0.00010179601355901017,9.886284706234026e-05,0.0001089928676955799,9.809289485295115e-05,0.00013058399576930187,8.630481414211406e-05,0.00018403181004002318,0.0001623733753696648,0.0001051936373820723,0.00011222774980944051
21,5.57028161325621e-05,0.00010354348641830091,0.0001462429099305578,0.00013175976619231978,0.00013208493212785475,0.000173594437778894,0.00018112036321487474,0.00013824426023111626,7.948943024886493e-05,9.348761581869166e-05,0.00017191969946918088,0.00011480496009247798,9.998161928419332e-05,0.00010520565934750355,0.00010738837637999679,8.763925559575886e-05,0.00010050192230912011,0.00014817245275775584,6.408514320397606e-05,6.436075696267683e-05,6.017793535096891e-05,0.0,7.683770210074938e-05,0.0001523917577359727,0.00011952052215792865,0.0001958922384204117,0.00010667599876722239,8.69272426686193e-05,0.0002003021698014091,0.00014048601662922967,8.625619087071743e-05,0.0001088521953550429,9.315107827895201e-05,8.532850933924844e-05,0.00010666078170311776,7.770289017081587e-05,9.688833774966276e-05,9.9651430110765e-05,0.00010700180952161284,0.00016091935744385352,0.00011400519156943567,7.137334077149193e-05,0.00011351293023052447,9.45395494365354e-05,9.565080064384103e-05,8.520765452706177e-05,0.00012772610721583833,0.00013635881743382055,6.39740712956921e-05,7.76798354761191e-05,9.819200570657318e-05,0.00014826735050544205,9.738503822269696e-05,0.0001504902585134071,6.420567678366507e-05,9.491525940333624e-05,0.00015602830260910518,9.199431572772084e-05,0.00011843766752359879,0.00012143633789830487,7.343199032550407e-05,0.00011987944805131086,0.00011322893842729039,7.414872543515876e-05,0.00011680290086286262,0.00011016302790711914,0.00010048440574652508,0.00014613662905829672,0.00010992739428560809,7.243930332280661e-05
22,0.00012531198120289882,0.00013612937216270769,6.046752422563102e-05,0.00010435603657279717,0.00014988952748008517,0.0001312186179103088,0.00014756299445778376,0.00012194031954477529,0.00011718772548029368,0.00012139053646671582,8.417581891125262e-05,7.61225672039932e-05,8.703667109631884e-05,8.117616781569019e-05,0.00011716947019075748,0.00011764682034728444,0.00016797214570717108,9.657899151874929e-05,6.991160254541345e-05,8.058964648732694e-05,0.00010363160004877237,7.250231406048722e-05,0.0,0.00012030613547158428,0.00010314797316833505,0.0001024500617802664,0.00012282890853328705,0.00010177543927400605,0.0001047563040126671,0.0001264178092909223,9.247774777605209e-05,0.0001253320168559529,0.00012343805990565432,0.0001496110304956029,0.00010182570415394497,6.381422280868667e-05,7.43683083691906e-05,0.00010141309018515733,0.00018067110976013407,0.0001123165411251598,8.428459374662166e-05,0.00012701362410822304,0.00010546836443881153,0.00013536228639723957,8.101322713278267e-05,0.0001090313026690065,9.011272885403632e-05,0.00012247924654558534,5.6119857465366766e-05,0.00010636333691489802,0.00012752376708916708,0.0001414025146473374,0.00011426021415576152,0.00012849832818794189,5.809018942695175e-05,0.00015665458107961148,8.130430621886762e-05,9.442162529691808e-05,7.54525287771828e-05,0.0001621449378800151,9.154912468024315e-05,0.00010883972598238493,0.00011017164886321493,0.0001718166185655118,0.00010623109740364727,9.818093649347408e-05,0.00010307503641095205,6.36537717395143e-05,6.075650779098499e-05,7.639841947967827e-05
23,9.55851370832056e-05,0.00013050791477126555,0.00015241436032965654,0.00015337874546252802,0.00021314957362883783,0.00012657274281506115,0.00015961721887951106,0.0001193813749819043,0.00013402515066608008,0.00010219437045935108,0.00011772867034211531,7.842396137016473e-05,0.00017024938379240294,6.63685256627595e-05,0.00010205714945400263,7.426922610734631e-05,0.00011772614545083823,8.240013915377251e-05,9.000264406914553e-05,0.00013821252159074704,0.00010946740211095724,7.102676897307315e-05,0.00011402381891385441,0.0,8.661555517174916e-05,0.00013017211532539527,0.0001556126091124588,0.00012969712049980153,0.00010911619114583896,0.00010877697274703179,0.00013480821549832214,8.927712911672455e-05,0.00010239726365254262,0.00010643439378007615,7.514405091947522e-05,7.639625792750427e-05,0.0001231519693996296,9.050429613078516e-05,0.00018470712157095195,0.0001295368426801655,0.00018992910327221782,6.515609514252096e-05,0.00016770772749540142,0.00010907586345033704,0.00013047103061703195,6.591377629964585e-05,5.967962381404781e-05,0.0001751721934958942,0.00010492253392457313,0.0001573686811435527,7.629905241741697e-05,0.00012896408541829878,0.00010426516327647397,9.881211017637834e-05,9.308215189219355e-05,0.00012362552199094917,7.580614508369712e-05,0.0001534608737866955,8.36802083410087e-05,0.00019073635239225397,0.00011216087308214483,0.00012764180544627454,9.517286927263463e-05,7.158138677793676e-05,0.00017208534531103917,0.00012857168438514446,0.00013034664347377067,0.00015679943205886603,0.00011176650337483047,0.00013891235984254228
24,8.780078144655686e-05,7.63835333126412e-05,0.00013932266554846356,0.0001976486448316762,0.00015167635851615164,0.00010464808769467795,0.00023590665862775414,0.00013158401912578547,9.483129894668077e-05,0.00011364882077763534,9.999846992425736e-05,8.044995186112623e-05,0.00010479378886569641,7.656177178177879e-05,0.00012437391317185405,7.117576389873236e-05,7.090451632565966e-05,0.00011507316044107114,0.0001414945102341957,0.0001220406725080046,8.564728832804699e-05,0.00010893056249864013,6.100359029146794e-05,7.431029226054622e-05,0.0,9.499077431262712e-05,0.00013894559312047536,8.170994987592581e-05,0.0001255511489594259,0.0001075237528980193,0.00011841834253639385,0.00010216068200471503,9.51188983751337e-05,0.00014193113742292363,0.00013949980537695126,0.00014908423887255478,0.00012358782012623638,0.00012201659660651441,0.00012475285314620345,7.483489046176672e-05,9.909460693486673e-05,7.16885590965603e-05,7.216277509934878e-05,0.00019399860376908065,8.195755729828994e-05,0.00013420631644275708,0.0001168044415638845,5.846116910864475e-05,0.00011673399518769675,7.528262979602527e-05,0.00010228366013962235,0.00010554561621483183,5.484582367860909e-05,0.00011303806789226227,0.0001046041794205509,7.18837298772511e-05,9.293497947566979e-05,8.954974896933376e-05,8.881972663351908e-05,0.00015762691885242873,0.00016868509315920058,0.00012513898894506983,0.00012236433304596743,0.00011786921114506896,0.00011883539053856534,8.735625609109003e-05,7.264178196040583e-05,9.308219430589078e-05,0.00010537959488697536,7.586788956288472e-05
25,8.075643458124439e-05,8.639375324638745e-05,7.960391011127987e-05,9.882798394044291e-05,0.00013191932850372632,0.00015435875689206755,0.0001359790724153517,0.0001972879598919536,0.00012366833632629823,8.518166711617901e-05,0.00010061744370326665,0.00010041497684317078,9.760650560064107e-05,0.00017958090569610057,0.00011490744475054797,0.00013688138180989595,0.00011796088036680836,8.047775401671163e-05,0.0001202926547808656,7.675074615032906e-05,7.02406244924145e-05,0.0001542333383150454,9.600103735351728e-05,7.743097121522441e-05,0.00018599686165959446,0.0,0.00012738443129858094,0.00010302432343746004,0.00011378924455677838,0.00010849264598179321,0.00023440825023068093,9.361351864096126e-05,8.289277252213104e-05,0.00010411414646602491,0.00011085884526106438,0.000134693511082492,0.0001173082748526519,0.00016308739209929102,6.309585959103303e-05,0.00013586612762645346,0.0001253442364700258,7.63574554231761e-05,0.00010704515809302271,7.349259311610183e-05,0.00013009103599922062,0.00010244434716890225,6.684359123452295e-05,9.936967187812589e-05,0.00010287438087443557,0.00010918246697728055,0.00010861684460833896,0.0001265197234665402,0.00014026206435720622,0.00012453028021796111,8.226742319223251e-05,0.0001658307243830058,0.0001438975844142749,8.770874382138744e-05,9.028024003970305e-05,0.00013006095597263605,0.00011536321088858673,0.00011462659948842597,9.61887296424223e-05,0.00011154886937770936,0.00013231466598992415,0.00015911308212864861,0.00018639962924843338,0.00014541199491032036,0.00013876615188586754,0.00012407711954264656
26,0.00016210032128280744,0.00010096739545246686,0.00013282876588401575,0.00014922651968192984,8.950716885090004e-05,0.0001814424753446668,7.35970397695957e-05,9.220118011789889e-05,0.00012861636852979838,0.000102211621909249,0.00019274306543066427,5.999780697036518e-05,0.00019408775493688627,8.385749599976144e-05,0.00014458890312200488,0.00014076841105678124,8.036331456463406e-05,0.0001024320349152797,8.315901150570039e-05,9.88226387538476e-05,0.0001535098865593981,0.00011196548490142799,0.00011405577570378023,0.00012856094776190094,0.00013658169383375156,0.00019397625836723828,0.0,0.00011123431557767808,0.00011000364648129291,5.950373021409618e-05,6.504508076057521e-05,9.976238316902126e-05,0.00010979228838460238,0.0001634843585743249,0.00010326851183629252,8.556928538203309e-05,9.727144643084853e-05,8.649341361861745e-05,7.277589544234383e-05,0.0001955862109209193,0.00013425470241077672,0.00015541471207122527,8.307129302137606e-05,0.00013658117331763725,0.0002100529729820126,8.596657703110285e-05,6.76852949640579e-05,7.096999786476267e-05,6.241616595054324e-05,0.00010580269666016603,6.456336946780132e-05,0.0001833571733643826,0.00010467435676778825,0.00014112840064177453,0.00013098272598270914,0.00013327905916415655,0.0001499142283213304,0.00011036792827887035,0.00011875493386503857,0.00020100614036892245,8.764807395344623e-05,9.719107580409176e-05,7.344231199507298e-05,0.000125949742709853,7.485376818971122e-05,9.551343262047742e-05,8.38524034114824e-05,8.37351380989195e-05,0.00011191724641086104,8.80139906104682e-05
27,9.919139272088728e-05,0.00010641817927129709,8.579049678992145e-05,0.00016069986713272152,9.352894008454052e-05,0.00010318127589402486,0.00014422737810938115,0.0002095329281014801,6.639308255016061e-05,7.247584254887793e-05,0.0001251342419319776,0.00015715944772759375,7.082316799761758e-05,0.00013374454744856623,0.00012229822527493766,5.634728349749534e-05,7.471753682020292e-05,0.00012084710096713087,0.00016893904612065038,8.7929451266843e-05,0.0001587742477034307,0.00010051492374293217,5.809625774982881e-05,0.00013450439720598636,6.877730476746027e-05,0.00012118562333214271,7.17946022733928e-05,0.0,0.00021300856023627208,0.00015499856648071877,9.620125961277157e-05,0.0001419070604942401,8.176833168656098e-05,0.00020156393018223382,6.445340457439676e-05,0.00010647450049417698,0.00012004527222900271,0.00011908556560514718,9.765559296587307e-05,7.135711506960719e-05,8.894662244622038e-05,0.00013355259190142249,6.0786931484794046e-05,0.00015405053155289963,7.975359177448538e-05,0.00011657746319629663,0.00010168551273553999,0.00015056518198809397,6.386006309428983e-05,9.586855302493205e-05,8.203704788338365e-05,0.00010734668609875307,0.00013051863375831965,8.604361865258011e-05,0.00014466429590895174,0.00010556261381449865,6.870532467807415e-05,0.00011394540111142075,9.635224878481125e-05,0.00013411701236701602,0.00015383845019786515,0.00011108041555886686,9.888903643980451e-05,7.605213367475701e-05,7.349376003360233e-05,0.00018360890120135075,0.00014497561295312488,0.00014205498765856135,9.354313143265116e-05,7.568946910791643e-05
28,0.00010422352732756319,0.00010705632757767976,0.00010823261561936656,0.00011030737329478107,0.00015384888729630454,0.0001220122566045415,0.00013922256633611306,0.00012998821420010887,7.398542249686583e-05,6.477101740732801e-05,7.632977616214638e-05,7.835327726140811e-05,8.491153436833066e-05,0.0001200471083520078,7.488770681279139e-05,6.269990398525024e-05,0.0001019057040028529,0.000146367526455537,0.00010281023668536372,6.525501511346347e-05,8.806853904695902e-05,7.402495056730808e-05,7.398063655857623e-05,7.40233998433774e-05,0.00012071735870199298,9.764314615881014e-05,5.977291547841378e-05,7.785772871381693e-05,0.0,0.00012265364421896972,0.00014151237613086855,5.965095987537547e-05,6.476899937256435e-05,0.0001336260479363574,0.0001340530129233367,0.00010794655279484545,0.00017018033719669093,7.349940981212967e-05,8.625679999537142e-05,0.00015222604829526375,8.394381799766714e-05,6.670179539932262e-05,8.26950242931895e-05,7.909426013450848e-05,0.00010624880615410518,0.00019136330766671316,0.00011307374448609084,7.115727760555811e-05,0.00014372104184115261,0.000147070576964537,0.00020066530634240432,0.00012088368384575245,8.334955251571974e-05,0.0001452067111791958,0.00011794994480830446,0.00012250027080265856,0.00014065555511885383,7.095543075245152e-05,0.0001303782156903987,0.00011310033384643442,0.0001933673719133091,9.666085947214218e-05,7.054909098695348e-05,0.00011936138862895681,0.00015423194840947518,0.00015642644979478368,8.520513436309512e-05,9.298885577774366e-05,0.0001602135079228075,0.00016073081641091065
29,0.00014570074745640235,0.00011324761079235412,0.0001404734065658584,9.993882198352618e-05,0.00010892005158404476,9.435147226578229e-05,0.00013953315931388512,8.493248798232126e-05,0.00010574666382039809,0.00012107595599146504,0.00015918892905995627,0.00012201125530522293,0.00013636676236265235,8.93786584528393e-05,0.00012568257467966262,0.00010301481023499283,0.00010806701710649627,0.00011417561223285713,0.00010119156118059453,7.910241572667615e-05,9.576861937767664e-05,8.43003818580452e-05,9.011927756870051e-05,0.00017403484332625176,8.369958534260059e-05,7.313664908875197e-05,0.0001248195244616334,0.00010341356477628086,0.00013526985230035769,0.0,0.00014514866453096395,9.371109184825404e-05,0.00013343486593312074,9.348443312681922e-05,0.0001283111878412161,8.565780487735085e-05,0.00010487683822527465,0.00013013594831970724,0.00010351165276200927,8.643134127587608e-05,9.359832383609803e-05,8.344376348541994e-05,0.00011907703503211729,0.00012445230857408934,0.00010033159948428028,8.563776942412238e-05,5.939253090346466e-05,7.142642591040154e-05,0.00018094120144390957,0.00011259127502662844,0.00010244595244462054,7.224331644759609e-05,9.614183599068988e-05,9.644059578623535e-05,8.549898321336179e-05,6.641322586021211e-05,0.00011159917377762979,0.00011070371988873517,0.0001707745782787025,0.00013811634162439165,0.00018464633700284125,7.741522681223802e-05,7.916818710800734e-05,8.905289941740993e-05,8.217221198390994e-05,0.00010915712560769957,0.00013181177432594675,8.049676655018807e-05,7.066251471229985e-05,8.248943267708133e-05
30,7.163691256245402e-05,9.953667227925241e-05,0.00011969980270232469,0.00011664873380066624,0.0001253553642653244,0.00010052968736325637,0.00016549291142504445,0.00015552653983797683,0.00016453491704000262,6.206302887199004e-05,0.00011141617312244548,8.112886713393285e-05,0.00012985925837181113,6.442534383673435e-05,8.479410493530212e-05,0.0001317092677665234,7.902505941197492e-05,9.852196813188159e-05,0.00015431096782699618,6.175960354146205e-05,0.0001327979689308938,0.00011515501356530916,9.952207484832392e-05,0.0001434521733043533,6.49573205933837e-05,6.99539337645666e-05,0.00013762110798550646,0.00013967440604989274,6.551573052911386e-05,9.708432402777429e-05,0.0,0.00019115257018951015,0.0001107469514387708,0.00016828464004308,9.591526812892155e-05,9.948756877747728e-05,7.552851160377235e-05,0.00011830449599963351,7.309483220129079e-05,0.00012270069873211947,9.05439989387107e-05,8.243789952576563e-05,9.694926548858456e-05,9.201927697660292e-05,9.635690022358088e-05,0.00010281465372883811,8.646132430282388e-05,6.416346898795576e-05,0.00011022098860711808,7.077647413678855e-05,0.00013601746068064405,8.744557871705547e-05,0.0001156874148527131,0.00013494257818773397,0.00015511944031834413,0.00010352302735824862,0.00012054340206094545,0.0001539151639295858,0.00012609189943817194,0.00016204057922861599,0.00011852858970096716,0.000106778316762368,0.0001141582022089734,9.625534691597123e-05,8.350597855872478e-05,0.00011614231192743371,0.00018613265714101986,0.0001432246940098649,0.00011100455562367246,0.0001121226731189216
31,8.98189568067633e-05,9.871804031605917e-05,0.0001065206020980991,0.0001352503672532122,0.00017674830347744037,0.0001661014034788425,0.00011518568399178205,8.43269266439879e-05,0.00014116322798925899,9.442631895756909e-05,0.0001422958209100313,0.00011749377232403842,7.765291354933813e-05,6.205049478026865e-05,0.00010646418473565321,8.74266116606919e-05,8.689551805971308e-05,7.692271403710003e-05,0.0001723775862320045,9.67257981610845e-05,0.00015679568499801701,6.302916050587902e-05,6.228073310312028e-05,0.00012897833387946265,7.249845076833448e-05,0.00021866663941746896,0.00012494894581150236,6.934652775405644e-05,9.289764290152954e-05,0.00011965161918842899,0.00010888218222815763,0.0,6.477347851522237e-05,0.0001514150232746625,7.614920079102377e-05,7.928317716448928e-05,0.0001248979697539783,7.963441067465687e-05,0.00016487805798547209,0.00013692589923215495,0.00010685260801544668,9.350784149370718e-05,0.00010706321494349893,0.00012344088341670255,8.254599686647574e-05,0.0001410705724498957,0.00010101933075514081,9.033055929917365e-05,9.903890326089525e-05,5.873041183232936e-05,8.312429674481134e-05,0.000119095409454002,6.759614394397079e-05,0.00012774819459876848,7.950598092398831e-05,7.202969464456611e-05,6.882783889639142e-05,8.168727973595805e-05,9.867847977947512e-05,0.00010131144250871147,0.00017369240022374607,9.788324332984846e-05,0.00010119597163555813,7.742116548907923e-05,0.00014250711762272994,7.206780445243862e-05,5.728858396603055e-05,8.407092974851879e-05,7.130084766289844e-05,0.00016209560757021987
32,9.36913045195679e-05,0.00013694422732251748,0.00010431848842877513,0.00010108978954670507,0.00017411104075727412,0.0001226048618815225,0.0001893572273571669,0.00011624557413932924,0.00014128332545058838,8.752939460713113e-05,0.0001267188762939453,0.00011563072767487615,0.0001321828669007237,6.429277582926172e-05,0.00012431963450690046,8.997075622156361e-05,0.0001202710750316597,9.881898113438186e-05,0.00012577730818409506,0.00010051036746235572,0.00012004077033143266,9.467644600579156e-05,6.0739157616584304e-05,0.0001847338200613475,0.00012995870832494224,0.00010436905398908928,0.00011778330061462969,7.814743009522726e-05,8.553693653838453e-05,8.965466647438697e-05,6.665815764314745e-05,0.00010593666665504002,0.0,7.709708988355723e-05,6.353363172628558e-05,0.00012716629443773278,0.00013890406262927023,6.838829208708417e-05,6.570202514520902e-05,6.398047185941407e-05,0.00011515529181382117,0.00011525088124216855,0.00012407152640245365,5.6461676717058895e-05,0.00015650710351360357,0.00012249759955975718,7.164907677817684e-05,7.476856388909345e-05,6.967778243040454e-05,9.409602961041091e-05,6.528871450390322e-05,0.00024342128578972027,8.912717492819777e-05,0.00010684377592896788,0.00012880299174326248,0.000143899241022097,0.00010682066642790225,0.00015847936118158724,8.369540839643922e-05,0.0001201036515515146,0.00010625494440583875,0.00011343176866508623,0.00011827251916884082,9.943778609945951e-05,0.00011147888356144324,9.74258744423286e-05,6.39466835380767e-05,0.00017145028528157757,0.00012779666400037688,9.813062263870042e-05
33,0.00012490423936253336,0.00011846470745976736,0.00015278301203949752,0.00015906123453289045,0.00013431289412166078,0.00011467976947460668,0.00018257610416091074,0.0001400781453623129,0.00016088393604472915,9.44666423660584e-05,0.00016190122189227777,0.000125249686552161,0.00012331403215613015,0.00015697927703373738,0.00013634585792954773,8.734331449365072e-05,0.00010802512050015275,0.00016219452363541183,9.450575355214671e-05,6.617704702620806e-05,6.0391313666763785e-05,7.016284607814131e-05,0.00014972739009212695,8.891735545509812e-05,9.722239548533064e-05,0.00010448376624524543,0.00012842759993429004,0.00010494113506057226,0.00014253692238425634,0.00011806956818338399,9.113202861874428e-05,0.00010690818324919162,0.0001334501308206402,0.0,9.578552720530076e-05,8.05090052706548e-05,0.00012527088110114105,0.00010824683957571454,6.675942732356504e-05,0.00011346127914164955,0.00015144779326133642,0.00012924696037940465,0.00014178903060965047,8.373046937463942e-05,0.00011156672083760679,9.870703820967044e-05,7.041598322970727e-05,8.32316515832104e-05,0.00012302662743536268,8.603903988609557e-05,0.00013916325755918197,0.00012837752022360415,0.00012899881581861767,0.00010430927251254029,9.924124339069663e-05,0.00012207777670714497,0.00017489028790581226,8.73632224628674e-05,0.00010400345003910166,0.00012186361261518163,0.0001392253337386779,0.00012255245689652105,0.0001492380164990753,0.00014542331179423224,7.921061319018695e-05,0.00013647424532619836,0.00011859549852959746,0.00015966143193883516,0.0001413068793087397,0.00010689976736702736
34,0.00010783947364164276,0.00011546879436957523,0.0001341190908584913,0.0001877944046760284,0.00011085359832183589,0.00010676154375933837,7.883086562481627e-05,0.00012193825800930002,7.833039832753584e-05,8.952653931400563e-05,9.23106104123775e-05,0.00011919707505266642,9.301119026312163e-05,0.00010194969293611124,0.00018332304239905984,0.0001535419095261794,0.00014481827859753397,0.00018599977037471298,0.00011529576779326996,0.0001457732637044062,9.464568139780527e-05,5.495622010178732e-05,0.00011771766338827008,8.845608721795033e-05,0.00012714149586621213,0.00019354773753990623,0.00010696034806666493,0.0001400650067423197,9.432611558024392e-05,9.782997517261603e-05,9.097229862733297e-05,7.693461991726754e-05,8.566474249733907e-05,0.00011745376119832102,0.0,0.00012352355010244437,0.00011917345384602044,9.93335528090891e-05,8.527742978758473e-05,0.00010996596105142421,0.0001299709321138797,0.00010234397493663122,7.864745790493865e-05,8.564952572903505e-05,0.00014188771872664275,0.00010093260781427195,0.00012114441912925428,6.256196963339988e-05,0.0001376665800765055,0.00012408314871759904,6.219050337172714e-05,0.0001425245705036841,0.00010246375056395596,9.173594781509636e-05,9.261684032664657e-05,0.0001161192263462016,9.697701493243784e-05,7.408941114816008e-05,0.00010958263571763482,0.0002327936484366417,7.08605413476413e-05,0.00010518232442584628,0.0001223120388872285,0.0002276894009283578,0.00010015887678447392,0.0001163249756834322,0.00010723549982844629,0.0001208078931134558,0.00012132001277826148,8.980183092925455e-05
35,9.207132976908084e-05,8.55306253226658e-05,7.661736969030302e-05,0.00016903076636415462,0.00014836005175006338,0.0001533208785777056,0.00010540819732118864,0.00012022659886311169,8.713481163322765e-05,8.916977702751508e-05,9.988636842701658e-05,0.00010978843582158677,0.00010733616431533795,0.00011421207460746189,9.172154296570775e-05,0.00014788411782580186,7.785025675008916e-05,0.0001174295954644654,0.00012070411443351116,0.00012445647162005445,0.00010599608973259126,7.38220815005515e-05,6.026014669960013e-05,8.045649194039339e-05,0.00013272365983912966,0.00016110044447377586,0.00010476115056717942,0.00016608779883630403,0.00011252412093998271,7.29820328040137e-05,8.1569748141664e-05,0.0001121576436737007,9.29073352824909e-05,0.00017952947231878136,9.981545210736009e-05,0.0,8.970979791525739e-05,0.0001218543839435509,0.00014102909765773057,0.00015620969457206098,9.72206651271781e-05,8.519241256773103e-05,7.923722593320613e-05,8.181692822267471e-05,0.00011276286922563526,9.481836932487195e-05,0.00011253450787556345,0.00011535947278171271,0.00012144405379094593,8.748064872142533e-05,0.00010818380413903256,0.0001263130698357184,9.491289081969336e-05,0.00010995921454750926,0.0001948762816206291,5.6275785754298194e-05,0.00017264798787529524,9.452940843322596e-05,0.0001303748384499095,0.00011144016604519757,9.962211629244708e-05,9.180367803625864e-05,7.582681198692118e-05,0.00010334283412657505,0.00010049801909342182,0.00010610746098802226,9.436576677202147e-05,0.00011167289449920547,0.0001158544940017989,0.00013540318025759802
36,0.00015318004475640696,0.00012631963550746917,0.00011635123997393548,0.00016688836925214315,0.00012449476780584484,7.513468794007931e-05,0.00010546905279968618,0.00014932317239199302,0.00015743480998876562,0.00017090355051434648,6.46638850785315e-05,8.892929735044703e-05,9.757711418912867e-05,7.236570370386469e-05,6.137280674354727e-05,8.876802064188185e-05,0.00010834925887517397,8.707969640090526e-05,8.498989594348288e-05,6.990957058850645e-05,8.22754233436217e-05,0.00011118277033746703,8.499979854680647e-05,0.00015742476742976067,0.00010007412722585467,0.00015800260712793101,0.00010082790827157223,0.00018463198460830278,0.00015569707191228914,0.0001456377105791379,8.027720506588515e-05,5.947177258109023e-05,7.736795597413063e-05,0.00017536568480287426,9.497234423703039e-05,6.837887319350772e-05,0.0,0.00012412254072390194,0.00010718687562872557,0.00012358461209953107,0.00012278158252996947,9.526749694434227e-05,0.00014650278769171992,0.00014258711967422757,9.734983040420035e-05,0.0001910070976780721,6.02809419343556e-05,0.00011928398572893771,9.00545159097444e-05,0.0001106438167086505,0.00012485580227042335,0.00012692302879340278,0.00015658861262707636,0.00014447034463702354,0.00010531221759221094,0.00012133906935553801,0.00013665306136922465,9.65918871036528e-05,9.757741384084381e-05,0.00014468615683167646,7.695295047130107e-05,0.00012478216074015088,0.00016601222086164196,9.572073634386858e-05,9.09622872606319e-05,0.00012387150346929794,6.559694288760514e-05,0.00013255976684531942,0.00010489840282772914,9.280969537407589e-05
37,0.000151330344604898,0.00010312965450852605,0.00011230365589821986,9.669944427012068e-05,0.0001332163570380823,0.0001231841901567936,0.00010865872505479107,0.00019238911153538838,8.563556547821466e-05,0.00013840430912582982,0.00012535774373302087,8.786090140978849e-05,7.596313861919473e-05,0.00010886522843091208,0.00016272429097918017,6.522498013868629e-05,0.00013487360999468273,0.00011851535809516372,0.00011878390627931976,5.932551617401253e-05,6.05902638512663e-05,6.142227490582648e-05,0.00012934871125464011,0.00017864410529594004,0.0001341569616944774,6.384861026255135e-05,0.00012256061544371096,8.895725097517339e-05,8.240389510005056e-05,9.201429834746829e-05,7.343683568619012e-05,0.00018090832317584657,9.305657409748918e-05,0.0001368580641881454,0.00013845399341795895,0.0001541328023004068,0.00013714174579933485,0.0,0.00014137310364333226,7.012134393758142e-05,0.000170415180067487,0.0001059504776627298,0.00010447279480889273,9.514709891240559e-05,0.0001679525682849388,0.00012308730780206676,0.00016818687017483645,0.00011668146945634877,7.953649412726755e-05,0.00010788937221817226,7.933241800566423e-05,0.00010128352569029999,9.118664204229245e-05,9.6098977166688e-05,0.00011162253636857867,6.134080066254079e-05,8.707545914249318e-05,8.094275494179643e-05,0.00017579407211575695,9.158774714800322e-05,0.00013251074408591904,0.00012322725751722882,0.0001637478049031896,0.00020503921535220597,8.365841523617631e-05,0.00012644934511599272,0.0001439677028420604,0.00011167804365432959,0.00013092559778938914,9.826909494707577e-05
38,8.27717604191385e-05,0.00010328500852863831,8.751129002473463e-05,0.00011154408095644508,0.00017432474184480765,0.00011063682790695834,0.00010394917417865229,9.110487483464926e-05,8.564701837472682e-05,8.351428605413723e-05,8.880333492163605e-05,0.00012825680457979706,9.171536380466891e-05,0.00010796534939206719,0.00019944614884524092,0.00010192800874981857,0.0001457673201853306,0.00012018139269971208,0.00014872534783614283,8.766332243768891e-05,0.00014376573465403784,0.00012314524538668803,8.068279333683912e-05,0.00010414533396740508,9.757397655354937e-05,8.47523943895901e-05,7.248747040643861e-05,9.072873714447483e-05,8.093606359360368e-05,0.00010933181990821784,7.081379780792046e-05,7.633305911960777e-05,0.00013231783868628417,0.00012051934254260396,0.0001079325000336971,8.700702698953599e-05,5.7574675537442826e-05,0.0001378629555164298,0.0,0.00022043797333357206,8.890510317164983e-05,0.00015683361222699682,8.853566292677369e-05,0.00010549149433116655,8.518047021443726e-05,8.79651725530378e-05,9.958620506795793e-05,9.865267843381538e-05,0.00011354445488569806,9.224323920385532e-05,0.00017311831983369384,0.00016612729730623903,0.00015441285473814724,0.00013899314316614996,0.00011563760777366801,8.107204967654551e-05,0.00010355160164223164,8.938130802550991e-05,9.325929972953585e-05,7.645286728723054e-05,9.953855918764823e-05,0.0001351737966891422,0.00011308266343162006,7.688574904341313e-05,0.0001340521798749668,0.00011464057310674282,0.00010319422767501301,8.500646598695538e-05,9.057612151290912e-05,7.363896339839116e-05
39,0.00016022643521271384,0.00013042677742816373,0.00017750302221694118,8.508954487631589e-05,0.0001360085160887166,0.00013112074240856052,0.00010572207957937975,0.00012633120407472073,8.18533839501398e-05,6.315643275619213e-05,7.94558541800727e-05,9.958440028977621e-05,9.781477433799885e-05,0.00010350122571028629,0.00012855290731024268,9.5894736383307e-05,7.313391275940183e-05,0.00010745611006309083,0.0001449889372317147,7.405230638664154e-05,9.186339686225519e-05,8.611829171841505e-05,9.014140136923417e-05,0.00019236932493652976,6.702219804267477e-05,0.00013220964363650013,0.0001151202265207392,0.00014158319507561016,0.0001104867436464748,0.00014104157049642764,9.843587293626513e-05,0.00011392255248751903,0.00011544889855515285,0.00014803648879953727,0.00011098607894846587,0.00016554858500411374,7.110392608517788e-05,0.0001488767495261522,9.218356483074975e-05,0.0,0.00011446952512362749,6.559040004239695e-05,0.00011579429456125047,0.0002227079473190978,0.00012774128242410717,8.023670826173435e-05,6.988331655101108e-05,7.60631113419261e-05,8.698154797484136e-05,0.0001092762844912512,0.00013221506034975046,8.345679870101801e-05,8.69644102464986e-05,8.65204833090812e-05,8.865866275060548e-05,8.766756973022079e-05,0.00012682847010965718,9.302215672020923e-05,9.609541088382419e-05,8.647266524096146e-05,8.913292694822006e-05,7.489396812450746e-05,0.00011969302885501944,9.951063369506538e-05,0.00010300709145395058,9.610790075385947e-05,0.00011667700380214598,0.00015775676608125632,7.511180732867916e-05,9.807985166256874e-05
40,0.00010403436445108306,7.513742350087533e-05,0.00017132535347013134,0.00018960510089470473,0.00014862542882618167,0.00015626180435433928,0.00019634279213175284,0.00010635931275870961,7.043370803874366e-05,0.00011720075926235537,9.608372608393706e-05,0.00012488149538916028,8.863152357341063e-05,0.0001090186310964456,0.0001099354826973709,0.00012672718314835058,0.00010472360689481516,8.023938175473588e-05,6.628468330238203e-05,7.930582946144194e-05,0.00011078615386439034,0.00012212426467554088,8.430057175956301e-05,0.0001116827867738104,9.201261720576637e-05,0.00012602919150201517,0.00014770001107884646,9.461799400486393e-05,7.057454767957479e-05,9.448644257646865e-05,0.0001046256510203632,0.00013643962426627805,8.957425241702952e-05,0.00011696186458663852,8.09181062249707e-05,0.00010364662536640473,0.00010368105383132031,0.00016237905165799452,0.00013746329957306215,0.00015691540334574814,0.0,0.00010226966442762435,0.00012050825675462839,7.37100215659526e-05,0.00010055831340539945,6.205514181048061e-05,6.548832178062411e-05,9.450425493235713e-05,8.836005179662046e-05,0.0001143603682550224,7.859530364409456e-05,0.00019134443603418942,7.745969561565318e-05,8.221701962792667e-05,0.00011299361225659372,0.00010885831978980864,7.755545704315602e-05,0.0001181038069967226,0.0001380342349171214,0.0001621661505359968,0.00011078594605751713,6.400831500429274e-05,0.0001211452782408559,0.00014059290806328387,0.00016335994156313174,0.0001427080324170097,8.654464241607586e-05,0.00017893050593662733,0.00011419341752688725,7.912372940084846e-05
41,9.628581875048388e-05,9.158306341968337e-05,0.00016775267341802888,0.00019426055760292144,9.53298100037623e-05,0.00010540804611309421,0.0001351573213264409,0.00010933145473801311,0.00018800283460124894,0.00010903494470714633,0.00015546188867318693,0.00015486478081969685,7.044861310972879e-05,6.551009745190371e-05,9.120447958846122e-05,8.14420824531683e-05,8.986795780918464e-05,9.406899200370583e-05,8.87581337155219e-05,8.186708047982197e-05,7.197740108861321e-05,7.852005102073363e-05,0.00010310559429371532,7.532456053059468e-05,6.859695864317728e-05,8.981607451718349e-05,0.00012005664547719142,7.981747115445e-05,7.043683419868998e-05,9.103252635040074e-05,0.00013625207379829555,7.27151370549013e-05,6.974839359345135e-05,9.945533792938675e-05,9.566512303874503e-05,7.318384414858755e-05,0.00010378070919207148,0.00013115903191882056,0.0001387930033880343,0.0001063847585977101,8.598534079271e-05,0.0,0.00010532996598232879,8.91548726142137e-05,9.656608732889567e-05,8.270069579434703e-05,5.87074804649258e-05,0.00010732692683769296,7.164455505360752e-05,0.00011447314248536369,0.0001185772405354456,0.00014147277000664492,8.750270810801976e-05,0.00016284390333677685,0.00010068522229978572,0.00011274192945685614,6.536021597647897e-05,5.969445664738204e-05,0.00014820122759376072,8.321548567753004e-05,0.00010239890014236777,8.580175216614064e-05,0.00013708093129535126,0.0001867532932747866,7.821898802811188e-05,0.00010659624147502642,7.065598387369787e-05,0.00018040653412143307,0.000116070225696113,0.00015007365913071076
42,9.638343014692904e-05,9.947906215638346e-05,0.0001130826839190324,0.00016666706522405577,0.00011701467245749706,0.0001269844735048531,0.00011476011609042644,0.00015835699526437207,0.00014145939512033684,6.313971668342698e-05,0.00012096074648477759,0.00010522491135001086,0.00014748993177895252,8.12470584533092e-05,0.00010194899280706416,0.00010455151880238248,7.929492668795146e-05,0.0001419889482677509,0.00015993859964938994,6.332625348325938e-05,7.646489289680167e-05,6.577835117625479e-05,8.533110909165243e-05,0.00014011318414578313,6.243444691653025e-05,0.00019404225709702144,8.498391915074184e-05,0.00014826388914892375,8.149235191397832e-05,0.00010113568466225746,7.904383501701159e-05,0.00012700039773339147,9.314927292993644e-05,0.00020888696527466245,9.782237201462969e-05,8.562453320746305e-05,0.0001191470050679494,0.00010001972280455418,6.973285566579175e-05,0.00011001161483345088,0.00016125585058922705,8.436255926555681e-05,0.0,9.947472160729664e-05,6.60163973310834e-05,5.411230587670834e-05,7.168073483415348e-05,9.910057257900733e-05,0.00010199424592141514,9.501730150318342e-05,7.231128914626109e-05,0.0001654714840079219,0.00010464647054226718,0.0001889689217729873,9.645106475554368e-05,0.0001123764913223028,8.415499571667692e-05,0.0001518037760939123,0.0001300380772804755,0.00012731781471067935,0.00011281532295404954,7.015344789423264e-05,8.316481455659288e-05,0.0001316330514089943,6.795470590588933e-05,9.998728803573985e-05,0.00010758160782480512,0.00015620390222461703,0.00012593676363572821,0.00016283727261371227
43,7.526709940462072e-05,0.00017060735087806318,7.21877177586106e-05,0.00017717331656138242,7.824992357025318e-05,0.00010084404348906036,0.00011356607628688506,0.00015490484752015543,0.00013917880916830842,8.81397274986468e-05,0.00010649670121258796,6.14840400806833e-05,9.067051830737473e-05,5.4790846963734114e-05,7.778819122793244e-05,0.00011455140004358964,0.00010193637098886911,0.00014463908934607945,0.00012391815265524894,9.111408789585923e-05,0.0001278952256244096,9.870426846739779e-05,0.00012115719111591582,6.873835464772829e-05,0.00013080306875322246,8.393159209346306e-05,6.554743030616712e-05,0.00015749888826289073,9.549312655067835e-05,0.00010254075606932599,7.786972710570465e-05,0.0001334966083417396,0.00010978001236201428,0.0001908126028561303,0.00010799394197587052,7.626065693755391e-05,0.00013265397036324407,9.897271990775267e-05,7.310929274270872e-05,9.494386164932286e-05,0.00011222314629113537,0.00012019149856140393,0.00012340793025510433,0.0,0.00011951913808242315,7.027474263502486e-05,7.083436215785127e-05,0.00010360863425751791,7.737099552041453e-05,7.526809167411604e-05,0.00011693427457251986,0.000188884151429621,8.607236935749194e-05,8.929163235345985e-05,0.00014178114075091196,6.336834773635044e-05,0.00013129787918662332,8.988836398305267e-05,0.00011900612778956065,0.00019084520967291578,0.00012029845876721938,9.74074758781471e-05,6.302382590291268e-05,0.00011005539383377961,0.00013752709132573696,0.00016137459459055533,8.128090652583281e-05,0.00011103697011683235,8.909642551376793e-05,0.0001080100764876149
44,0.0001490385459717234,7.859905978812676e-05,8.672167553850465e-05,0.000135363131245087,0.00017072964444410542,0.00018270655330700864,0.00011796610386040434,0.00014195988474910185,0.00014858698745188686,0.00010013862702725946,0.0001341442164039933,8.871630774059526e-05,8.110092681214623e-05,6.522789831244393e-05,8.686800631956345e-05,8.503832920998009e-05,0.0001407384737709355,9.614341390058648e-05,0.00010455635819494669,8.061701566578862e-05,0.0001104314616939346,0.00015694569967843254,7.496495185631903e-05,0.00014486696308799502,0.00014442009434541435,0.00013162137092998972,9.789695748980062e-05,0.00011015991619229212,8.731313428537185e-05,0.00013009933709754086,0.0001432832557617735,0.00011368658129302987,9.685976142301813e-05,0.00014820769577988791,0.00010376474035977384,9.270151134801487e-05,0.00012046392437610312,0.00011125882616783308,0.0001535740124884269,0.00013371394813346143,8.581083591882673e-05,0.00013006862448804158,0.00010753047452856081,0.00014508647221440855,0.0,0.0001541716985428275,0.0001058886012407188,9.755476590081449e-05,0.00011520272796803008,9.115169376440531e-05,8.02593649112142e-05,0.00020228838515898789,0.00012893377638307428,0.0001701787177317729,0.0001859133595392749,8.251751949601142e-05,0.00010399210762181519,8.799989260770221e-05,0.0001635547194352377,0.00012610767429252931,7.992134057582299e-05,9.409053503835996e-05,0.0001103996100757522,9.276224105787085e-05,0.00010857810348564891,0.00012335022070132946,7.294959706160415e-05,0.00016692680290617963,0.00012050256103007959,7.769867383487494e-05
45,0.00010140806735596816,9.825635848232593e-05,0.00015267666259298864,0.0001456317114768158,0.0001312882027684265,0.00011515763636144079,0.000115418358873766,0.00010364511056154439,0.000125245498372502,0.00011447550823241476,0.00013537126654805188,9.103833722953013e-05,7.399296393856489e-05,0.00015626445830450162,0.00014422793392869875,6.710148975613358e-05,6.994783271793787e-05,8.903555889664557e-05,6.659635678101104e-05,0.00012372344340107766,8.617154373363945e-05,8.895351297341892e-05,8.35054147957676e-05,9.871899707023623e-05,0.00012108231843949858,9.227787819400773e-05,8.65081325627451e-05,8.903466009290383e-05,7.649938780732507e-05,9.370542020039332e-05,6.49757763311659e-05,0.00010962735111473925,8.371415253401407e-05,0.00018782200274139853,8.734514348611201e-05,6.586901807599807e-05,7.131691016102987e-05,0.00013570497976447452,9.020260372339329e-05,0.00016315229371367335,9.998462243082086e-05,0.0001045381556918173,9.440524887137138e-05,0.00011144544804184902,0.0001037211327132458,0.0,0.00013933813492559912,9.74806373914386e-05,8.049720615657022e-05,0.0001402022870433547,0.00014700604037986916,0.00015528339340244813,0.0001906498023944608,0.00012953008825375352,0.00012622168726621912,0.00014341882723243636,9.325862338989265e-05,0.0001372221478112748,0.00012128786085142184,0.00010605691519324057,0.0001776844959098508,9.87703423111475e-05,0.00010716331454039867,8.291444125225869e-05,7.760191809859521e-05,9.168834647759695e-05,0.00012903689838716389,0.00014923841781515113,8.219445968224932e-05,0.00012167678104789924
46,0.00011514930243080347,0.0001356526683658841,0.0001266314981575004,9.575663610597913e-05,0.00019936597178964727,8.593572215855634e-05,0.00014156082459860068,8.291489330788381e-05,0.00013542481822901155,0.00013021130171402099,0.00010186619012641251,0.00010811182158401589,9.772666561339468e-05,9.792828313558765e-05,9.739983319709622e-05,0.00010795637643166264,0.00013133402048146894,0.00015348123902670578,7.401735049013715e-05,6.776364629390129e-05,0.00012252777822982874,6.921132500291382e-05,0.00012281053959451463,7.711259981073407e-05,9.380533706412326e-05,0.00017329355124267798,6.254103868785974e-05,8.111473427787351e-05,8.466591299714061e-05,0.00014361102687688893,9.546770365364185e-05,0.00013410912797820913,9.256868074771372e-05,0.00015933776994135377,0.0001245951475871662,5.590432438983833e-05,7.395430963559942e-05,0.0001024870927297031,9.870382293123277e-05,0.00010525264064215014,8.481737527123661e-05,0.00010334006077205585,8.404033365042336e-05,8.248816743389135e-05,9.213308387679332e-05,0.00011236053465974501,0.0,9.002383751872525e-05,8.660763280504202e-05,7.363545398647727e-05,0.00011281774201703706,7.260711672584143e-05,0.00010456588990432186,6.641720838064561e-05,8.552874629349063e-05,0.00012990507438324762,9.781771658410202e-05,7.331797266783831e-05,9.382921773356018e-05,0.00012050833196125257,0.00011919228955392873,7.088427595236085e-05,8.95065264418671e-05,9.050452038818084e-05,0.00011485950646733693,0.0001312783810453362,7.766521547573984e-05,9.491256138194706e-05,0.00016488455766068696,8.578155639518234e-05
47,8.921746281910584e-05,0.00019202548294339027,9.164058697383047e-05,0.0001480634480869428,9.912455826910436e-05,7.316572878415852e-05,0.0001534507602568666,0.00013818749475193214,0.00015055605797268155,0.00014767630920713704,0.0002062146226157538,6.048973510746844e-05,0.00010831972047286979,5.708185287465012e-05,6.586988681042863e-05,0.00010885531219710487,8.48082329394924e-05,0.0001577761759605855,9.040829510859897e-05,5.3666855916418826e-05,0.00010256680182802803,5.8053072519628724e-05,7.520229390676743e-05,9.267574326377731e-05,0.0001050967797625881,0.00016255560310278624,0.0001551975967919548,0.00013680138608407604,0.00011929358836573077,0.00011834019643911463,9.53203618356981e-05,0.00013391691791756608,6.193796569704906e-05,7.440283373333024e-05,0.00014213412938959152,9.183070062153031e-05,0.0001132121876490182,9.123825802352915e-05,8.267471937173682e-05,0.00015896416076979477,0.00014753331607165996,8.685102413396082e-05,5.5732072658174766e-05,0.00010878249218880076,8.156995957326251e-05,6.758263123560447e-05,9.386772589448057e-05,0.0,0.0001504071140746926,0.00010062042775314433,8.656707318177405e-05,9.407199206347545e-05,5.8861675444898917e-05,0.00010208350509002379,0.0001211185665116734,8.213198809457032e-05,0.00011870011318512426,7.995534413875459e-05,6.125556716484079e-05,8.837732582001298e-05,0.00014784895703289647,0.00015402520364666487,9.573345019380862e-05,6.955337840269212e-05,0.00012448333737948635,9.911251973459195e-05,9.395278866021333e-05,0.00013239275634869,0.00012958239162172883,6.51735493199513e-05
48,0.00011215687969916028,0.0001559012058220897,6.438662455439574e-05,0.00014434225759314296,0.0001527617271751815,0.00011917898604513644,0.00015139058181828826,0.00010484121302193078,7.985205301037138e-05,0.00013398166119647103,8.004310873561782e-05,0.0001012722302321852,0.0001630549874381683,0.00012802746559776432,0.00012043750171195159,0.00010533612165672734,9.459212153704847e-05,0.00011975594591360104,6.428053642772677e-05,0.00011647076667783254,8.695935805925062e-05,7.24253114141127e-05,7.585931717349812e-05,0.00010938382686042691,0.00010557647644340504,0.0001295452454842127,0.00013842639731214204,9.061627361764861e-05,7.636805445105738e-05,0.00010699237375455215,5.1671364275203616e-05,8.796778186548176e-05,0.00015897977677644783,7.415478122042848e-05,0.0001026787785113411,9.446283529168751e-05,0.00012071721933282321,8.42040905122357e-05,5.818551524016806e-05,6.827439919601097e-05,9.955068723504088e-05,9.338297109304153e-05,0.00011903667549305242,9.822821693101956e-05,0.00011436217918479138,9.186477900882113e-05,4.9668804127210246e-05,7.976010533139245e-05,0.0,8.035726268908164e-05,0.00010727489826918144,0.00012653814233710544,0.00017058230815773922,6.85415150540941e-05,9.44926638192734e-05,0.00012184930433310211,6.0467032819328136e-05,6.654908360448053e-05,0.00012315302470561622,0.00015513436515064905,7.74162784877655e-05,8.621794841476479e-05,0.00011175546154103592,0.00011502913496216754,0.00011301881289221777,0.0001397820009839492,5.662546041888328e-05,0.00017745886007449618,9.989752146787235e-05,9.982339090150021e-05
49,0.0001342263667559821,0.00014134743132578488,0.00014154580694111725,0.000179448365065013,0.00010654407981588455,0.0001022132740782298,7.012794866317039e-05,9.085268555296008e-05,0.00010037600266834546,0.00016577832925435774,0.0001141937799765703,0.00010660113210341759,0.0001292668812092709,9.044303942762049e-05,0.00012163323072403621,6.893713559244471e-05,9.339480599648344e-05,0.00010442947226234273,6.654739694250177e-05,9.426671044463305e-05,0.00017808782577411196,8.594628478247827e-05,9.87709811682057e-05,7.21473251630948e-05,0.00014279306834175486,0.00016222544286372678,9.296791307856323e-05,0.00010050005470189688,0.00011206500946818319,0.0001577602459495742,0.00013299939010989883,9.487527086599179e-05,0.00011958289287109193,0.00012571187613925338,0.00012951016671044943,0.00010618609347494354,9.986417499385585e-05,0.0001562535369714689,7.024365511594445e-05,0.00020017226254035565,0.00013945867490739594,7.05206205417451e-05,7.049316412054439e-05,0.00013603018398977015,0.00015301536058192554,0.00010087998740966081,0.00011053469016352583,5.917943192125296e-05,6.193484193426621e-05,0.0,0.00012059759154985528,9.158923577907077e-05,6.592183349580405e-05,0.00013026425352800667,7.758047450346427e-05,0.0001696522570937127,8.36918890526158e-05,0.00010409127737116257,0.00010885132226831421,0.00013351874910690244,9.550774988962925e-05,9.023714585547239e-05,5.095162898406508e-05,7.318030743307969e-05,0.00014208235153876308,0.00014436892121397289,8.722194223501314e-05,9.17420051778536e-05,8.179278330667447e-05,0.00013304801921571916
50,8.986148120641843e-05,0.0001594522532176787,0.00011237304676373373,0.00013718576741636413,0.00013704769528609585,0.0001113244381355926,0.00020833800925150703,7.563351663651841e-05,0.00010916906904754172,0.00011836245297671589,0.0001233355264678948,7.467531832944218e-05,0.0001430119457623638,0.00010928246278142344,0.00012399284988294604,0.00010613718728647411,9.128816403641727e-05,7.96306779189012e-05,9.199817142605782e-05,0.00015466267926576364,6.42685372385174e-05,0.00014642390409008488,0.00014909842130884584,0.00013194116578547145,0.00010202486551432202,0.00013366880055712467,9.890443529031829e-05,8.444694875640692e-05,0.00013966366924239744,7.247079617910454e-05,0.00011016658109178109,0.00011495575052818615,8.42687194789103e-05,9.289980875733482e-05,7.243103480931748e-05,0.00012022556120992492,0.0001241525060570028,0.00014975435407546092,9.155129392741145e-05,0.00017332970491484696,0.00013704791328920853,0.00010770716868579079,8.593234353006528e-05,0.0001313954513521995,7.007775759941391e-05,8.341233825508772e-05,7.957761250172435e-05,9.003848018070372e-05,7.871327873870123e-05,0.00012855273394852396,0.0,0.0001572829842645731,0.00012601436145814543,0.00012206872277423175,0.00016890645423481393,0.00019534121219718376,6.628745555801033e-05,8.335074409584686e-05,6.817174873344293e-05,0.00016630578876415333,9.965860149578956e-05,8.724334486392795e-05,7.463564854670596e-05,5.9272993345937506e-05,0.00014684170622205093,0.00010074458760434343,6.323570934112954e-05,0.00014820306421751902,6.420550378366688e-05,0.0001944929515241234
51,0.00012040234422135895,0.00012346806686676124,0.000105840439731939,0.00013369220071779068,0.000192062765666338,0.00017764270133370662,0.0001133334957183761,0.00012993643055112195,6.871491275108539e-05,9.221338137336573e-05,0.00013630844197551518,7.799338794244805e-05,0.00013376755377301008,8.15085832486555e-05,8.941441245011475e-05,0.00012066944639212188,0.00010343781744832227,9.097315134435137e-05,0.00010676189851714491,0.00012608267620832871,9.522102892010439e-05,7.967626205734285e-05,7.008080721979816e-05,0.0001770530966318774,9.119722908290597e-05,0.00011144136049538144,0.00010495274252658858,0.00011821002136468019,0.00012035079230654672,0.00010726620310624242,0.00010074704119212855,0.00011338179351104397,0.00013146041758972925,0.00011914261760658743,0.00010233727814343882,6.403212270634952e-05,8.405951984662246e-05,8.035240440855583e-05,0.00012256777972647267,0.0001254735640491624,0.00013768008665157613,8.432799880483182e-05,0.00015176334422768264,0.00015084306721495323,9.955413303659262e-05,0.00016267386075498433,0.00014078601200863262,0.00010262185718245562,0.00017198090351388967,0.00014063225863367583,0.0001358842758215043,0.0,5.620843211670228e-05,0.00010318817789871545,0.00014584076963553092,0.0001079112350937427,7.464340828957254e-05,8.449704681272286e-05,9.924670790235073e-05,8.650257489244175e-05,0.0001001195619011165,0.00020434546255578294,0.00012269347018715833,0.00012859690096793665,0.00011590502503596136,9.452028821361858e-05,6.77527719533546e-05,9.507210073177863e-05,0.00010134614336720414,9.466270965926528e-05
52,8.798516337092956e-05,7.560112665340358e-05,0.000106117471736613,7.838765237258623e-05,0.0001110178223731259,0.00010649471770660724,0.000293479170361072,0.00010418245669430664,7.863155304516221e-05,9.07291218891994e-05,0.00010283672039365818,0.00010072550543506629,0.00010112174276011609,0.00010467367548119481,7.377960565766576e-05,0.00012856784419634377,0.00010233423949048533,0.00010113852326663179,0.0001517506427216398,7.99438488246299e-05,5.900013746032064e-05,8.40203182216506e-05,0.0001524812416234677,7.208856678629535e-05,6.850518060697437e-05,0.0001692409160167688,0.00011799147885435476,8.051609885070991e-05,9.974750219216979e-05,0.00012823748809034254,0.0001545879925038643,0.00018299485062812587,0.00011376273945167441,7.112930033961628e-05,0.00010743569212453714,8.687383351252236e-05,8.81841115487743e-05,0.00015194469324985262,0.00011696441504935819,8.210297412354858e-05,9.061899741303394e-05,9.4910928456842e-05,9.259597840721709e-05,0.00013904825743098957,8.414703394476451e-05,0.00012173536153032502,6.172166231961162e-05,9.333211425465067e-05,0.0001191415487492183,8.919476606817794e-05,6.424535352216515e-05,7.370927674464743e-05,0.0,0.00012272983721895895,0.00011902536731932806,0.00010309348310360374,8.503259401051109e-05,6.831293437016886e-05,8.528362378130106e-05,0.00011752746169482205,9.318771626196226e-05,8.862307077099056e-05,0.00012225249614665555,0.00010165752166055268,0.00014640311458782046,0.00013720281863404562,7.92077096689668e-05,8.992068220075862e-05,7.256451806989101e-05,6.65849032056677e-05
53,0.0001186770462963483,0.00010287183956608495,0.0001406372893148067,0.00012150037530829296,0.0001974687165384167,0.00010921101096705992,9.383883656195066e-05,0.00013206972384501714,0.00015632491816565275,0.00010920073001073884,8.486848703623895e-05,9.427787675690936e-05,8.089749573863068e-05,7.54609481448261e-05,0.00021912522713070292,0.00012736706361936415,9.229140895481661e-05,0.00013738351121874034,0.00016131037782133358,7.405397549485859e-05,0.00017745219976318197,8.494571791800543e-05,0.00011538765720089863,7.982754323221758e-05,0.00010448684405668827,0.00011966293556233479,0.00012220572556426157,8.678137285698362e-05,8.305704043895926e-05,0.00011907241086191552,0.00012636800618821454,8.748066027773171e-05,9.324875650522227e-05,8.28582047401542e-05,8.855937888238172e-05,0.0001083757090358961,0.0001606730991828652,6.301208735121169e-05,0.00012348634731148953,0.00013243160090730833,0.00012711606379425567,7.769237184193726e-05,0.00014031208616780983,0.00018956220520497774,0.00018945061084052546,0.0001237611704677993,6.024188336739243e-05,0.0001237729959754246,0.00014425276611797533,0.00011926975489688766,0.00013060042238028928,0.00016165074892962892,6.591756784228806e-05,0.0,0.000130442817687911,9.719307958737975e-05,8.141697001646402e-05,0.00010444136324844883,0.00014391678243669108,0.0001548167448721813,0.0001111585542864427,0.00013260813114854796,0.00010315103082636073,0.00015500721573799062,0.00014225674534256984,0.0001204258764007773,0.0001363687759592248,0.0002192957787157189,0.00011803058551347247,0.00017768565986117098
54,7.82026985673072e-05,9.994620441162556e-05,0.00013686584269848175,0.0001610491777818608,0.0002246718536829193,0.0002145068611522216,0.0001721656500905772,0.00013878288154712423,8.185929682273191e-05,9.815816163948467e-05,0.00018440337640282268,0.00013595486096692515,0.00013977418086024424,9.723066059566879e-05,9.262353796683602e-05,8.808462085001881e-05,0.00011610215144756585,9.817049270856698e-05,6.459334053258433e-05,9.186297967016714e-05,7.171901519298775e-05,9.246825353913776e-05,0.00010081835870078603,0.00012501539481981003,0.00010510576609131596,8.571195675553993e-05,0.00010720359904289248,9.964387601178207e-05,0.00013447346712561455,0.0001161942119141885,0.00013489535152001788,0.00010241757785812641,7.661252640814439e-05,0.00013236787595199794,0.00012309961574211953,8.13431588375576e-05,6.417784931901146e-05,0.00011836336360589125,5.819257982156698e-05,9.748981643786764e-05,0.00010059895602954954,9.378874667682964e-05,8.169320602490247e-05,0.00010698374689537991,9.57141974997169e-05,0.00013420798679750307,0.00015249833812997708,9.247463202044139e-05,0.00012622746974704196,9.234844504680088e-05,8.153435579910946e-05,0.0001087515949231067,0.0001028934470179927,0.0001724580764727964,0.0,0.00012987660471752618,0.00014951009172128594,8.51668836579672e-05,7.205723000236212e-05,0.00015066720833440441,9.817977103379436e-05,7.025298991361156e-05,9.045543121738413e-05,0.00012279146688684567,9.860814716658865e-05,0.000136027376038149,8.325597233234943e-05,0.0001317630285159924,8.563824415361917e-05,0.00010362915134332823
55,0.00013449907457452245,9.929413905058633e-05,0.00010946130827975668,0.0001385503313576902,7.699865062736035e-05,0.0001240932068070536,0.00013084394078505975,0.00012783851054298237,0.00011093182289383552,0.00011235744370258475,0.00013068410135973923,7.909630579355008e-05,7.893280776241567e-05,0.0001118987132652562,0.00013012680364050285,0.00012239566446757764,0.00012215810804892872,9.964163631469007e-05,9.547002659959719e-05,0.00011703434406654437,7.696276218033276e-05,7.967790950590402e-05,9.802255831667859e-05,7.710738995258728e-05,0.00015499017108747934,0.00016107780710878056,0.00010468482142250947,9.187577771278085e-05,6.427884794906487e-05,0.0001425951968828379,0.00012151305775043185,6.11695230021478e-05,0.00010456925785762221,0.00013530056257564675,0.00016437210054669343,0.0001619199786782416,8.85793299980383e-05,0.00016045557059890577,6.4745143512522e-05,0.0001250137726232942,8.662609595555255e-05,9.040526064319691e-05,0.00016539855400918296,7.310638070789961e-05,0.00011619379999282234,0.00011490934231028284,6.356970197669177e-05,8.023913481227282e-05,6.233027616144832e-05,9.398161550357742e-05,0.00011038584850162902,0.0001510406585704897,7.790133572424822e-05,0.00010429676875067246,0.00010321380540903847,0.0,7.782780408957995e-05,6.876722752200077e-05,0.00012311198832179194,0.00010439520908340348,0.00015529796088736418,0.00010399576976730457,0.00011822602893407347,0.00016355896376778618,8.719329926211398e-05,0.00011969760598114907,0.0001115430433642773,0.00011951885228303045,0.00013246110936356075,0.0001691418671934107
56,0.00017425206049271848,8.87817647196697e-05,0.0001064471973789976,9.092339454092724e-05,0.00014456818369582507,9.719561615446344e-05,7.79878490415943e-05,0.00013036884543662404,0.0001565324857376172,6.111556261235838e-05,8.51796697195196e-05,0.00012901507395969962,8.877304513931049e-05,0.00010133923853328359,0.00015743111372166306,0.00011922563560587393,8.756968820207821e-05,0.00015374246902116363,0.0001274527199785777,0.0001302957142756825,9.105447954486868e-05,5.9421832074583685e-05,0.00011253303400146542,0.00011554849917369963,8.486532588765126e-05,8.282922077735458e-05,8.714812633687683e-05,0.00017665642847343755,8.413720963623204e-05,0.00011258194312649641,0.00010448091646101243,6.189947055564015e-05,7.228815291269037e-05,0.00015640510814945652,0.00013032764586303603,8.335749386579985e-05,0.00014433713908928853,6.115275152509164e-05,0.00013703264500104374,0.00016735092443837034,0.00017688840005630177,0.00011038684996416717,0.00014679992583514656,6.673996950437091e-05,8.631454845471082e-05,9.827277769478377e-05,6.705123163546796e-05,0.00014114772594481625,0.00010120935431396121,8.537414377888982e-05,0.00014234422915704488,0.00014214131781521979,0.00010780838438847275,0.0001229332160209495,0.00011666344870766903,6.945429642597135e-05,0.0,0.00012098214300642666,9.112738430254885e-05,9.080849193106259e-05,9.189849197408268e-05,0.0001003134393859262,8.161254939361885e-05,8.522025138827527e-05,8.860700249552112e-05,0.00011094922233707072,0.0001046266101237226,6.63214051780677e-05,9.916854021460426e-05,0.00013137055529779517
57,0.00017404949759449213,0.00013882082691301666,0.00013696150488279847,0.0001195447990213275,0.0001553758128841908,0.00015060950479483701,0.00015089459109715028,0.00011064728556478516,8.866331178180323e-05,9.234944821109926e-05,0.00013828810244113012,8.162322517046936e-05,0.00015893729285820416,9.639219589162057e-05,8.122832349166179e-05,0.0001593499352198242,7.19099267910359e-05,0.00012099756205019124,7.716357726647455e-05,7.556236065414014e-05,9.439159557745752e-05,8.840023199208642e-05,6.312580705964805e-05,0.00019897889651454383,0.00017092162060100357,9.695384712642439e-05,0.00011266292430178986,0.00011215232152640597,6.815975913163548e-05,0.00011800263182960705,8.237271513980565e-05,8.219705473777392e-05,6.671562870521891e-05,6.968263050318009e-05,0.00012401050165098166,5.646696746752315e-05,0.00012078349580894473,0.00013103273510428005,8.838587889225421e-05,0.00016285956990640902,0.00014868788331533507,5.2661043934226086e-05,0.0001298142485769639,8.58395049734332e-05,0.00011586998638090339,9.443668072222048e-05,7.118515956196022e-05,0.0001069566727750091,0.00018768519663172784,0.00010193790065527907,0.00010123023809045828,0.00017380620163997114,0.00016031607161531513,0.000134842043541543,0.00012807979506518344,0.00015298203214021347,0.00014773332149389912,0.0,0.000126315297284163,0.00010931157822508315,0.00014806041048136503,0.00013690461423365217,9.77906665901494e-05,9.599244091926403e-05,0.00012474683032760202,0.00010027837134145606,6.493218044204106e-05,0.00014112164506100688,0.00010508028484122614,0.00011756062953681742
58,7.026474070643856e-05,0.0001215079300905138,8.432094885617892e-05,0.0001703968151193259,0.00011611982096552248,0.00014332582622301183,0.00015112069650734857,0.0001524003739352332,7.12643476967151e-05,5.631654564408627e-05,0.00012118431003650647,9.316262902143063e-05,9.912604293021574e-05,8.74874502824843e-05,0.00015328999072675368,9.513499190379197e-05,8.644940153639125e-05,6.293073876615541e-05,0.00010119114794310281,0.00011119507331468289,0.00011436616342101417,0.00010001745407617182,0.00010065857668181218,0.0001663945463861526,0.00011500814549280883,0.00011126027639657997,7.138796142092677e-05,0.00010703333300803054,0.0001067059568757045,0.00015740151812851047,9.84421613172173e-05,0.00010698693961987653,0.0001399927609542104,7.920507527097097e-05,0.0001095697734753041,7.179118702782642e-05,0.00012449682312619674,7.889971152266535e-05,7.122359072489171e-05,0.00013464064377487762,6.518537047772534e-05,0.00015634628999160687,9.289294294418326e-05,7.295352336054963e-05,7.011702402104596e-05,0.0001731990757180891,6.773609802118153e-05,7.318905372182969e-05,8.504913246004692e-05,6.721287316595568e-05,9.818876372392007e-05,0.0001475035302327753,6.971081327930295e-05,9.113132229973221e-05,0.00012549665336748783,8.994153586150932e-05,6.67479570309973e-05,0.00010101101098726055,0.0,0.00012565648113597113,6.229408717242524e-05,0.00014528392082408878,0.00013451581715002303,0.0001451677600006702,9.907810714948238e-05,9.845002695729623e-05,7.576835956452373e-05,0.0001429101401871748,0.00010480105897927345,8.832389105940129e-05
59,9.972063869498357e-05,7.872943407900299e-05,0.00012201933217738563,0.00021354680903899512,9.992634698311867e-05,0.00015261633752478655,0.00018854521603546836,0.00010881271476110369,0.00010216408005836912,6.613275596120453e-05,0.00014855539011432943,0.0001356498458882517,9.819537831411162e-05,0.0001471871641054039,7.55294614949523e-05,0.00010810739090863563,0.0001481821346944598,0.00016453585372927474,0.00018147592001274893,8.012313119443947e-05,9.629008823773357e-05,8.074350062139275e-05,0.00011370303830459824,0.00010053709516980189,7.881628038310749e-05,9.319265036306623e-05,8.472070763798634e-05,0.00012986886746390368,0.00011202709026365814,0.00010238049408737436,8.413954795686065e-05,8.99819308198115e-05,0.0001308544456195684,7.717968019319496e-05,9.699734852217895e-05,5.780251373239494e-05,0.00014483536082650965,0.0001273828958818873,7.615586970311294e-05,0.0001696697024889321,0.0001387613424139562,9.919639234603078e-05,0.00011905092174398484,0.00012031768063778883,0.00019761713776443018,0.00015292522413682335,9.392111409342584e-05,0.00010466480115499288,7.843336165755552e-05,9.800460922191486e-05,0.0001143598779058518,0.00016057410729739625,0.0001087954124664085,0.00016710369879574278,0.0002109486422436085,0.00011558083043000062,9.86304253821286e-05,0.00012838494623224574,8.37241419548612e-05,0.0,0.00016581543570364928,9.208389730721625e-05,0.0001236712601195113,0.00010081321244023347,7.298234592580975e-05,9.361353942670964e-05,8.471531234365354e-05,0.00010763256031120324,0.00011225755630156306,9.010107321363733e-05
60,0.00010694491760069548,0.00013332587842421035,7.904085884227372e-05,0.00011431142624816537,0.00022110380942307718,0.0001249760748853404,0.0001300605626555319,7.307616134683005e-05,8.829317038603329e-05,8.515807123610973e-05,0.0001212166379261789,7.953904928385266e-05,0.00011025868306582272,0.00019942749288241868,0.00020212149340829907,0.00013155339595609736,9.984495762250374e-05,0.00011607241809704148,0.0001248815574882595,9.193467419378057e-05,9.753909986205792e-05,8.88355130373251e-05,9.903031427869644e-05,0.00010102848138864028,0.00012225976374934182,8.647214874376152e-05,0.00015827397149730275,0.00012846963329110912,7.553094086310598e-05,0.00014856748729173108,7.248083175895113e-05,0.00011453173366017739,0.00010298238028055802,0.00011843919668787552,7.666820041759435e-05,5.475311303510353e-05,7.18340806991405e-05,9.819053110422221e-05,8.189330234064163e-05,0.00012950804496027893,0.00010512914524876885,8.381553993520727e-05,0.0001695753567058646,8.839040164806981e-05,0.00016318083157846428,0.00011139188620225698,7.633367313941345e-05,7.474208607766608e-05,7.40267816135166e-05,0.00015771875673894467,0.00016421869330187158,0.00011139914648052883,7.112259231874772e-05,0.00014190859798711596,7.69641117732527e-05,9.680900805629088e-05,8.088344223965876e-05,0.00013935341624227225,0.00023841126429029037,0.00010309969135330343,0.0,0.0001074124072918946,9.098394999702116e-05,0.00011717514019539254,0.00014011680530240053,9.537449193413018e-05,7.677951605620076e-05,9.52996075952138e-05,0.00015217923572161005,8.879118927820957e-05
61,0.00011386423560440222,6.844686401700994e-05,0.00010956548080836952,8.50407344226623e-05,0.00013503745882536457,8.08650534116321e-05,9.065120046709043e-05,0.00020225252715717616,0.00012616403114587086,9.278606181239554e-05,0.00011116225049621453,6.953235705656542e-05,0.0001464472131072846,9.854454176697019e-05,0.00010353657156253452,0.00015595311583100835,0.00014778929371636224,9.233069613619553e-05,0.00014905238709421833,0.00011139077626723383,9.208244990961154e-05,8.727167914678952e-05,7.48935645639579e-05,9.537980072443075e-05,0.00013012217857284318,0.00010311971706514294,0.0001852162436427346,7.98757582158234e-05,0.0001563148173213326,8.225949091275599e-05,0.00013461595970041954,0.0001146078441872386,6.120576011229805e-05,0.00010486925479385911,0.00015072259897780344,0.00013156626176256386,9.441957264422202e-05,8.115644043909495e-05,6.123751881755012e-05,0.0001477910046392527,0.00011785867469434519,7.590028213486885e-05,9.968756816699006e-05,8.017569713859018e-05,9.079876887015031e-05,0.00012346098024595926,0.0001441922950445655,5.92206847494174e-05,0.0001515099984587631,7.676607057899713e-05,9.5301837674892e-05,0.00010614920693755092,7.493344122013983e-05,0.00011586955255267839,7.726062123096434e-05,0.0001279683094940332,6.386429030301162e-05,0.00016214534767974677,9.852153949100814e-05,9.948713341753751e-05,0.0001883196941775192,0.0,9.668337271649093e-05,0.0001248367602380505,7.93239533199663e-05,0.00012370432583204234,8.956323829286311e-05,0.00010573066986702806,6.66020956425764e-05,0.00017242932785003386
62,0.00010732774550571778,9.447593465858029e-05,0.0001948997935994281,0.00012104639958123014,9.526071316211139e-05,0.00021655012817172975,0.00013699679817205868,0.000112157786903365,0.00026871463094630933,9.537978919880603e-05,0.00014281575042265996,0.00011377225655835218,7.786905028764474e-05,9.499238473092613e-05,0.0001367114865087814,6.17013680541244e-05,8.804162310797192e-05,0.00010549808832514278,0.00018293739592234137,7.349784319157473e-05,0.00015036274093397598,5.499380302260001e-05,0.00014511566114150097,0.00013057359144191892,7.852976893998346e-05,0.00010760276855498394,7.946774752348727e-05,6.04587778321728e-05,0.0001045674029584456,0.00010138282041956196,7.50469579535232e-05,0.00010019814997493037,8.497704479217341e-05,0.00016349168850570388,0.00014290001295783373,0.0001231867417520075,7.715940992499271e-05,0.00012033467704529399,9.747235827403554e-05,0.00016461619227802819,8.915393594003006e-05,5.94382646592628e-05,0.000175191671111859,0.0001045517493474118,0.00014002733700395003,8.556856050761201e-05,0.00015430445358035334,6.443568989379236e-05,0.00015272349544409182,6.791636427812321e-05,7.085672305473296e-05,0.00012498722869772576,0.00014169597567989566,7.988345533956013e-05,0.0001648855117442599,0.00013148829215787813,0.00011602750337490294,8.857085058341395e-05,0.00013778504792135343,0.0001665176351128108,0.0001322187125836335,0.000167825307361498,0.0,0.00016472637919225853,9.693270494484094e-05,0.0002035933099966232,8.93973967949659e-05,0.00010941041199385506,0.0001124805835798767,8.444347049903171e-05
63,7.339232613803511e-05,8.125547058987251e-05,0.0001028714826680161,0.00016998318354292583,0.00014362936634538184,0.00013546901950807646,0.00019243565069366285,0.00017685476817541054,0.00010793051120052668,6.638665083121013e-05,0.00016374276889888898,7.446562388276083e-05,0.00013831251607256527,6.497276422355648e-05,0.00011043327293574939,0.00013274398861260663,9.04481489412893e-05,0.00011783467856182004,0.0002124868977388273,0.00013008956811557084,0.00012595692761934322,9.596137444939757e-05,8.747780131431272e-05,0.00010376297827811033,6.472394534257592e-05,7.953464710457874e-05,0.00010044851682587258,0.00012739105188811802,8.156429819412585e-05,0.00011042133955082774,0.00017262383329487825,8.574423353260785e-05,6.357442933795653e-05,0.000141527370707908,9.421973834948053e-05,0.00012543324941079528,0.00012837378987273,0.0001545140220194597,9.979741462271423e-05,7.576031861652283e-05,8.740518225739443e-05,0.00010744456311702324,8.125698258641399e-05,8.806199677872223e-05,0.00011010724534394401,7.111327606235987e-05,0.00010677326748708321,8.991995519399373e-05,0.0002302488125828036,0.00011666267750427356,0.00012014490385615163,0.0001835764336050186,7.727811557854894e-05,8.315223541294672e-05,0.00015464504591988868,7.252513681705743e-05,0.00011483852248760222,0.00010572408782236153,0.00011691583616745731,0.00016290396419814656,0.00014223991737783473,0.00010596247900542032,0.00016577242361171058,0.0,8.325339571504325e-05,0.000147692556673336,0.00014590488533480788,9.192487854164802e-05,0.00010858534392345558,0.00010468146442156644
64,0.00011513264391729434,0.00011469281013004763,7.557048760796113e-05,0.00016744297375807983,0.00012456991176330572,0.00011545751305462667,0.00017651495526557745,0.00014502000608668348,7.121197717055884e-05,0.00016153022882577222,0.00011071891734421283,0.00010556268210518806,9.086753616509139e-05,0.00013290298771354592,0.00010514771854084656,9.839512910197433e-05,8.09770250185552e-05,0.00010780726841102297,9.602705801303292e-05,0.00013608509687592632,7.307347542863607e-05,6.789257888379847e-05,0.00012345628625544318,0.00013157521534784496,0.00010587691540079434,0.00015337336951985853,9.191835979369215e-05,8.240987514499299e-05,6.436050594630924e-05,7.374054933533122e-05,0.00021094766232877563,0.00017941331513096685,8.226304537600187e-05,0.00015198039416798614,0.0001342578070650133,9.320336657007442e-05,0.00012548668167828254,0.00017324750424629507,0.00010842722106308105,6.31480526325355e-05,0.00010871840486566755,0.00011855158668460262,0.00010635321674541413,0.00011445981758749575,0.00017176731380046228,0.00011319142222181892,8.121970971873048e-05,6.634690126743323e-05,0.0001274052009850665,0.0001271703371910383,0.00010526381679448536,0.0001265091895182301,0.00010324558467453657,0.00011354146760819673,8.143587246589578e-05,9.045096570954989e-05,7.84481226595931e-05,0.00010138153474066368,7.883404239077031e-05,0.00014854093493658717,0.0001035604452981889,0.00018344883708591904,9.803152462853091e-05,0.00010005854508711125,0.0,0.00012252811613221583,5.717976487065287e-05,0.00015397235792880725,0.00012185213971063161,0.00011987784012384989
65,8.221283776838359e-05,0.00013459372029107133,0.00012960558946109954,8.637341538554192e-05,8.990678493730331e-05,8.789990042716865e-05,8.6380756669394e-05,0.00017183994822560442,0.00014231778739805123,7.22031332035441e-05,0.000156874716642578,8.265348623567142e-05,6.954660223618852e-05,0.00015671489467521989,7.250463972532828e-05,8.160059920224988e-05,0.00018980209557861407,0.00013831148376653352,0.00015181364131666873,9.919902389245911e-05,0.00011386541398558169,5.667367861763363e-05,7.993965665377502e-05,0.00012563281737349425,0.00015435908694740012,0.00012288924674991455,0.00012401273945422827,0.00011533431588910108,5.7714377393249027e-05,0.00022307097075087076,0.00010201189473370069,0.00012047967028955582,0.00012096107162569582,0.00016828130897630672,0.000120947926763142,8.763653517691488e-05,9.855956372239642e-05,0.00013002634369833842,0.00014991089519504844,0.00021837185234789626,0.00012192510154963667,0.0001100345149842591,6.672793772867882e-05,6.567964571595951e-05,0.00013808268937139911,9.561305688132949e-05,0.00013273451818044877,7.612109553892036e-05,7.50704616777957e-05,8.870365867907563e-05,0.00010148424805408734,0.00014509945247471374,0.00010130713226935101,6.863080477057322e-05,0.0001500148445888565,0.00015406537815736967,0.00010320615049995141,0.00013098894105757216,7.870397665284514e-05,0.00014648086415817874,9.967301035386622e-05,0.0001741637431461899,0.00013816001491534095,0.00013894863986525322,0.00017180232633618744,0.0,0.00010968151157362208,0.00017839453622352184,0.00013939782002063268,8.978930208658282e-05
66,0.00011136761332433501,0.00013710161207032356,0.0001775885081306643,0.0001484727707529343,0.0001640414344876246,0.0001996959700301196,0.00019664101858702323,9.814942857928363e-05,9.918597845591833e-05,7.353120369596785e-05,0.00010511477333970607,0.00010282318892469459,0.00014278696679993134,0.00011744798606385688,7.896575139300615e-05,0.00011656476113353778,8.95206931859547e-05,9.969177105258236e-05,9.224903868776198e-05,9.227331462145544e-05,0.00013869514826582056,9.607736442101331e-05,7.441219814940025e-05,0.00010701420645055713,0.00017267914188729092,0.00013562709015676078,6.990143103361294e-05,8.067010080280851e-05,6.446358764929103e-05,0.0001236144848697745,0.00012307096248093816,0.00014006594729442648,0.00011392922295641491,0.0001327545917180069,0.00010307198414562092,8.288963188859405e-05,0.00010478589362692787,0.00011501303495897719,8.994080831681886e-05,0.00012884309590191666,9.469074836102524e-05,0.0001199590898585025,0.0001313422998065623,9.875270885950674e-05,0.00011414704314410252,0.00010990559672036142,6.668548546756257e-05,8.47044660093662e-05,6.635551022905219e-05,8.216299373867834e-05,0.00013711829545104396,0.00021523474504831348,0.00010156286389802027,0.00011871448077854645,9.360974522368921e-05,0.00010216655822216634,0.00013730501389623947,0.0001744045264325214,0.00013420977098775483,7.055858227143074e-05,0.00017622071210460203,0.0002220143778242503,0.00018272911220441394,0.00011567165227208351,9.370658631228289e-05,0.00012234104672835408,0.0,0.00016892535654676875,9.623414639156012e-05,6.899929251569298e-05
67,0.00010747676257174575,0.00012413775739385783,9.401673611703299e-05,0.00010579677039035496,0.0001904305795507946,8.323292397018718e-05,9.791438406685944e-05,0.00010201092271363756,8.584932753282483e-05,9.492458589179687e-05,0.00010329292225981492,6.76498459556312e-05,9.741841977671937e-05,0.00012907427867133543,0.0001888582730483506,0.0001560060064139812,0.00011737952590325961,0.00013420838103479196,9.925303304521132e-05,0.00010169002065178674,7.86628776624523e-05,0.00010112535448825412,9.93712263108358e-05,0.00013037221828840319,0.00011940338599310225,0.0001057028518676629,0.00011748029164243211,8.102142950659103e-05,7.392592005230632e-05,0.00017430766121892695,0.00010118079080089885,0.00017272970979312992,0.00010577670322768325,0.00010257018669419706,9.690902993940172e-05,0.00011161523143236175,0.00013707938751348814,0.0001320987265505483,6.57646105299933e-05,0.0001073935619615145,0.00014680419550735453,0.00010273830944831162,0.0002081720379404489,9.085102009937838e-05,0.00012291082529413205,0.00012587359593234807,0.00013674871015188428,8.464115386351411e-05,0.000144654411547149,0.0001009724000161624,0.00016703554996841107,0.000147666187696318,0.00013098851023313484,0.0001622930050494444,0.00010598090997850125,9.812923535672728e-05,9.994091283317738e-05,8.136370377130467e-05,7.383364087441866e-05,0.0001478050836402494,0.000161123124361344,0.0001193537516686349,8.379062980114388e-05,0.00013640585107244232,8.687506202918695e-05,0.00019189632030237514,0.00011785233596737467,0.0,8.906856151671227e-05,0.0001597097478837794
68,8.263129153925182e-05,9.422330424552254e-05,0.0001392444211335309,0.00010952679441358362,0.00019910861705897494,0.00012089882523550094,0.00012157397370245513,0.0001621292697027219,0.000148391672224754,9.700795616489811e-05,8.004011326207309e-05,6.496687395464195e-05,7.675689006016272e-05,6.020768729621611e-05,0.00010179539940072904,0.00013276862713403937,8.35370869911632e-05,8.511141733965011e-05,9.138698094604512e-05,9.559749472115173e-05,7.528048042271024e-05,0.00011978248919276449,0.0001370245384469984,0.0001423592659519864,0.00012017744264380843,0.00018554004198715774,0.00012540725030283826,0.0001623110179003909,7.642839248949385e-05,0.00011419480290152326,0.000137146704445104,0.0001021439076553307,7.837047639866139e-05,0.00026966613540484175,0.0001099556048976179,7.390760698326085e-05,8.032294813046031e-05,0.00013616361450690347,0.00010148773528766615,9.043606388179918e-05,0.00013726740096207135,9.004114924282543e-05,8.689870390979706e-05,0.0001404963475768854,8.9845095288796e-05,0.00011304795679805439,0.00013907474112063415,8.527760441113292e-05,7.993197410770572e-05,0.0001796331831661212,9.67618884896472e-05,9.927941325814434e-05,8.293592909518435e-05,0.0001259556149268674,0.00011710770506451844,0.00013536350228395856,0.0001070262458222532,8.799147773033189e-05,8.421784557129268e-05,8.331005929403478e-05,0.00015024577170171454,0.00012046231435962603,0.0001174918511766629,8.215725873602334e-05,0.00011005049891813767,9.466709464365655e-05,0.00011887979332645315,0.00012626733490805789,0.0,0.0001573599672691691
69,0.00010720147764507454,0.0001511301724652789,0.00010462206898847927,0.00010605879555781737,0.00021096985199700155,0.0001593379038211752,0.0001501691222512446,0.00016185523393323555,7.4451767382176e-05,7.187708077636654e-05,0.00015565124692209253,8.440951672669908e-05,0.00011358781524332075,0.00010591607245944223,0.00010090930550751561,0.00017186385588790102,0.00011754084890402176,9.756711498154223e-05,0.00014644329820001165,8.055794878203556e-05,8.11162752990707e-05,8.119149964078307e-05,7.067349690764923e-05,0.0001070265701825544,0.00011396155579649284,0.00012686561658589176,7.490270548872157e-05,0.00011015998944638183,0.00013499434495200044,0.00015460769483547731,9.382484418241856e-05,0.00014283024033205361,0.00015328900324285746,8.596200694894576e-05,0.00014161869321135167,0.00010870483175150027,8.064739558399816e-05,0.0001535994300801237,9.378030054386482e-05,0.00015897826584229237,0.00014601143985823798,0.00013415151295859156,0.00012482796851050553,9.959940214930362e-05,0.00011982118765824227,9.197573177934156e-05,7.00967401326597e-05,7.079038009282164e-05,7.549683856020918e-05,9.649956819667531e-05,0.00010454249770807562,0.000113711214670625,0.00011150199322395007,9.540679034190725e-05,7.623252722172836e-05,0.00014039936864944662,0.0001103961668976375,7.81489589157841e-05,8.670707208260568e-05,0.0001492121888582057,0.0001582135941147018,0.00014899276998810618,0.00013886686023589805,0.00013126556002105404,0.00014801637611366476,0.00015096293928684596,0.00011862253486753862,0.0001346322514888906,7.069664647479593e-05,0.0
