,0,1,2,3,4,5,6,7,8,9,10,11,12,13,14,15,16,17,18,19,20,21,22,23,24,25,26,27,28,29,30,31,32,33,34,35,36,37,38,39,40,41,42,43,44,45,46,47,48,49,50,51,52,53,54,55,56,57,58,59,60,61,62,63,64,65,66,67,68,69
0,0.0,9.769599944741482e-05,0.00018309601580048112,0.00011971291880436315,0.0001371991445247594,7.695190665474918e-05,0.00011818236000564823,8.32677903839874e-05,0.0001244513520141114,0.0001843596478810688,0.00010623893570014318,0.000116310886831198,0.00017322592401348646,0.0001172544478535253,0.00010282383295515545,0.00011947007356739852,6.0392938129239616e-05,8.208542876222514e-05,0.00011382109319193707,0.00014385432725079315,0.00011912383179542279,9.316591148190775e-05,9.971615788667451e-05,7.656740159663407e-05,8.73210194676669e-05,0.0001996798739889394,0.00015110410511424348,8.511338414449604e-05,0.00011449947175539644,0.0001503436517432554,0.0001188406203073715,0.00013572552585772814,0.0001002955045079728,0.00012569370901072564,0.00014432265641223,0.00013110083074823893,9.834751792440418e-05,9.368071956778659e-05,0.00017209260136047053,7.925321098825194e-05,0.00011303886240965326,0.00012302647792350143,0.00013098361355268892,0.0001079014552010501,9.87673794657108e-05,0.00012517767611517564,0.00013364397938427685,0.00011290083082105787,0.00012141584374864501,8.276400380214744e-05,9.510081468233146e-05,9.846349798008922e-05,0.00010687372415285872,9.980126311913914e-05,0.00010368233142468628,0.00010250051107547405,9.737250079747478e-05,6.484006908390923e-05,0.00011962564356846873,0.0001317687870075456,9.69325953562905e-05,9.619726332224322e-05,0.00011739740953091774,0.00015162090636021931,0.00016643409284627147,7.576763777703382e-05,0.00018655254411248156,7.257591481718468e-05,0.00020417368156800254,7.908767762214748e-05
1,0.00012317968788454173,0.0,0.00020374111576769544,9.371230692993851e-05,7.608691949676133e-05,0.00011877295285905149,7.787457904393351e-05,0.00010742424151985932,0.00012583420753340256,9.54463608102286e-05,0.00011040443181954111,0.00012431902332594798,8.688841562301211e-05,0.00017641525736366946,8.111733662411231e-05,0.00011306531024630058,0.00012628720617424016,8.344672506890308e-05,7.040898228936738e-05,0.00014864468062952054,0.0001696106275676759,0.0001334519115192196,0.00012833749618821146,9.557577410328978e-05,0.00013745114458547475,0.00012409493775097038,0.00014226159987988697,0.00011778558588695879,8.274774471872771e-05,0.0001653201903320883,0.00013620406403062893,8.82309030196478e-05,0.0001533147190120365,0.00010128234166601082,8.642767221277564e-05,7.644500059996736e-05,0.00013643580665281693,0.00011240738826829651,6.09944686197884e-05,0.0001169341936453915,8.546108046025352e-05,5.9634626345038936e-05,0.00010985137345288246,6.140729895285584e-05,0.0001029010052113451,6.776652751527638e-05,9.964158818890488e-05,6.606017995273354e-05,9.364567533816552e-05,8.559196742268801e-05,0.0001250677849944724,7.015812132971174e-05,7.672015806183818e-05,5.967683496347915e-05,0.00013575854725767107,0.00012370825505486806,9.614642612034876e-05,0.00012661259139124222,0.00010875396104950263,0.00012155047638069996,0.00012264868899542606,0.0001436558484322387,7.766264645120778e-05,6.379863835343431e-05,9.639061279176781e-05,0.0001617328731929344,7.77411505392374e-05,0.00014787206783472084,0.00016580673384436497,0.0001230561793721123
2,0.0001592407914995399,0.00013567065793331572,0.0,8.906392746809992e-05,0.00017946806769213706,0.00016289557841447916,0.00021503132264959044,0.00017703089319709688,0.00012076246915698815,5.976393672797605e-05,8.88603280179544e-05,0.00016184086823940998,9.968954798747814e-05,7.935305313831239e-05,0.00010252624483285793,0.0001095604651800893,9.708899683864657e-05,0.00011880365800546279,0.00013214780981210672,7.495827016570182e-05,0.00016004362063933968,0.0001688913885461695,0.00013085366990166604,7.961145496144111e-05,0.00015232900542092658,0.000137087359247383,0.00011176865164356023,0.00010450610872348068,6.713256715072911e-05,0.00011666663399887015,9.863777564708962e-05,0.00010221717077992984,0.00014328546086054137,0.00016231531307439115,7.184686291374061e-05,0.0001318441195284001,0.00011026807175011247,0.00010837838321554388,0.00010218877361216397,9.129979151730068e-05,9.284975699879365e-05,9.635525840046274e-05,0.00010440488065093554,0.00012804666383382378,0.00013370990286869246,0.00013667999388445446,0.00010573020439736322,0.00010939345711827504,0.00012062606544806687,8.815167325137178e-05,0.00011588016075700184,0.00011434039603877147,7.355077110578284e-05,0.0001109823293054858,0.00015857341797868304,0.00015815329346456348,0.00015319692723190768,0.0001297379486579656,8.638937621772713e-05,0.00015440964469553358,0.00015334438659378902,6.754499107670034e-05,0.00010732586212889583,9.56040499612578e-05,0.00011912055444387979,7.420733842929606e-05,0.000139041552275185,9.062223994290887e-05,0.00016466016705666612,0.00016849820128319082
3,0.00016499492608902915,0.00023103581127292705,0.00013666750434466552,0.0,0.00023943578277789123,0.00011568167850939241,0.00023873852986261828,0.00016428104164110892,7.731607804823698e-05,6.875401441693711e-05,6.411315007290618e-05,0.000118449508426094,0.00015403498797805117,8.214689448880999e-05,8.708434406804225e-05,8.905074000586706e-05,6.939115097483248e-05,0.00010502716388651647,9.573640410717096e-05,0.00011580586458312534,0.00010959922427462626,0.00010983536793205998,0.00013499489940586724,9.763571614827639e-05,0.0001498884160624724,0.000126206430091128,9.608848998483578e-05,0.00013733793001490888,6.1960105682245e-05,0.0001365809470292325,0.00011118177925861359,0.00010454171571075451,0.00019100725796371767,0.00011095688740955903,0.0002052690667449163,7.081275283904029e-05,0.00012539400747880588,7.830286476753477e-05,0.0001557964002990272,0.000179613706612855,0.00015398253020669332,9.696033634501044e-05,9.218870723587515e-05,7.161262999616876e-05,0.00015343204473436997,0.0001254379745670778,8.810594252934356e-05,0.00011069430991880626,9.59450824041468e-05,0.00010944297275950523,0.00010933176962947064,0.0001271766191061633,0.00013931083949146538,0.00012977896660181017,8.727148183552813e-05,8.296623294625405e-05,7.164407303256846e-05,0.00012762284793473727,0.00010410169748938645,9.953812131415164e-05,9.81619916898859e-05,8.275024484370948e-05,8.719811157654358e-05,0.00013683220255166983,0.00011406150144446203,0.0001222158155280837,0.00014849435302308062,0.00012661953501020884,0.0001212705973261401,0.00019506491000000772
4,0.00013918115581586614,0.00012968516551266617,0.00011858968913524152,0.00020966264115837785,0.0,0.00016336379535638197,0.00015771833961077697,0.0001810859409801607,0.00010892633132250691,6.365499975391119e-05,9.232835153459595e-05,0.00018001885033518082,0.0001263897411952835,0.00011839210021829529,9.564536187393685e-05,0.00014154040959710794,0.00010235277037458454,8.970839900211504e-05,0.00015145912090918392,0.00013142001854136214,0.00012575717483117305,8.141068261003305e-05,8.223438751291696e-05,0.000127516587119306,0.00011125429827659951,0.00020622872819289108,0.00015824648676656522,9.938176430761056e-05,0.0001236663946397516,0.00011963931622201316,9.484010031285264e-05,0.00011138173208638024,0.00014298404907323278,8.982147912502288e-05,0.00013030429930148405,0.00010939837390599252,6.567647935270404e-05,8.556388565747152e-05,0.00013548628018739153,9.156482105688754e-05,0.00011351991265652774,5.850861419416276e-05,0.00010384733574623124,6.9811979271359e-05,0.00014628113895786686,0.00011241535262206601,7.266410438664326e-05,8.288850527954192e-05,0.00013055505152849905,0.0001139462259836654,0.00010515255415402747,0.000123767691256662,0.00012604854305760122,0.00017162746733704554,0.00013936402900860222,0.00010535837711037589,0.00011065582805091987,9.540869614695119e-05,7.109538837467581e-05,0.0001245637044998772,0.0001653708899872376,0.00010945247390839123,7.220277302694054e-05,6.722005150075223e-05,0.0001383085431135244,9.581701871269893e-05,0.00013840713602284005,0.00011746955222309381,6.83731367263971e-05,0.00011838347370329664
5,0.00012136154161720827,0.00014454972726357844,0.00012668256206062366,7.791951914576407e-05,0.00010142461021792968,0.0,0.00017862845087142696,0.0001097432460908594,0.00019359689687506687,9.837579352598892e-05,0.00014990604641839246,9.377084344697913e-05,7.906980617687136e-05,0.00012962608823155456,5.8438663758818076e-05,9.90087114441071e-05,9.520906878796702e-05,6.42150509350631e-05,0.00015438237760240532,0.00011567853198200222,0.00014590514734656222,8.175058344330812e-05,0.00013974176057650876,8.42575522913428e-05,0.0002207901486501978,0.00011042956025742246,8.764603402138469e-05,0.00010205747127525546,0.00010766087271223955,0.00010071373757305467,0.00017803876172523434,0.0001625418269840567,0.00012677760759067358,0.00018301853371145932,7.853895015936312e-05,0.00012308653490445402,6.743288134723005e-05,0.00014009007938409378,0.0003180646001016931,8.881208932483662e-05,0.00013600101750292436,7.768196934866906e-05,7.271333975951198e-05,9.899045568891787e-05,0.00015058472932637273,8.704127027915836e-05,0.00016022268290712358,0.00011361539626492632,0.00014039746214777378,0.00011251926987905774,8.762854508822409e-05,9.335621128700703e-05,0.0001264003881055272,0.00013576054556343117,6.51963172106669e-05,0.0001337772727622488,8.346448376881609e-05,0.00011390579067520872,9.317011955812347e-05,0.00010910710342227751,0.00011533669762521844,8.221131195521127e-05,6.702315649012186e-05,9.989025453383029e-05,0.00010486857950264835,9.494154187934617e-05,0.0001046972910012963,9.19657733500856e-05,0.00013957366597235827,0.00013379444385236744
6,7.128212770664479e-05,9.074159753937615e-05,0.00017491319832873208,9.477658549014064e-05,8.871948778676115e-05,7.072219874013785e-05,0.0,0.0001838831498322664,0.00019630389842630188,0.00011682712842213101,0.00013134694339617104,0.00014609375768267775,0.00017048428881674327,9.74439238660912e-05,0.0001107517174562122,6.450384501051942e-05,6.599271788173416e-05,9.377506395905358e-05,8.554437965976517e-05,0.0001269465918422392,0.00016820702971064207,0.00011723669237394647,0.00011427646180317365,0.00016159572398123746,8.425033081462827e-05,0.00010644033025906692,0.00014105414750548035,0.0002579433382570288,9.72084164419911e-05,0.00015247913909114134,0.00014040477131127264,8.432502873367781e-05,0.00015888989148924734,0.00014914236275369834,0.0001608071130203617,0.0001049804789044983,0.00010989921784786561,0.00010469901028612358,8.432225627246532e-05,0.0001174700785764459,7.250976636956348e-05,0.00013936737994980618,0.00011824717352328025,7.472128467496243e-05,0.00016511491155298411,0.00011367343702676498,0.00011303496598552814,0.00013042284883047668,6.407873946152857e-05,0.00010863460305278257,0.00010653148858645625,7.212410993990464e-05,0.00012529033275166069,0.00015005804251272425,0.00013314155219824238,0.00011430962975137024,8.658052230163144e-05,0.00016874725799260633,0.00011095856612740744,7.36131864479174e-05,7.689162920748746e-05,0.00015942931593710462,0.00010921621386300531,9.874853144275655e-05,0.00012871851439115507,8.126153122934378e-05,0.0001706000484518442,7.950363918624466e-05,0.00012494450596206035,0.000129435373796652
7,0.0001886497605719249,0.00010775238637134992,0.0002653869334487344,0.000115511948373078,0.00015976291457738665,7.758241505910817e-05,0.0002704673916244715,0.0,0.00015008692213474051,0.00014921010893667846,0.00011820478464571031,6.609645181671705e-05,0.0001920648277504522,0.00010370123407741369,7.266663568674249e-05,7.775534577615062e-05,0.00010863713016163343,9.594933654495187e-05,7.395578325757533e-05,9.40780754825166e-05,0.00012274410322238023,0.000132981813621556,8.479503303460193e-05,6.003211822387969e-05,0.0001754355858439204,0.00011027111441533997,6.150453327675464e-05,0.00013344897109096726,5.549470521199797e-05,9.678281152699289e-05,0.00013420970372701198,9.973141782014668e-05,0.00016524450240986587,0.00011352811484178907,7.349851857136851e-05,9.573082114536005e-05,0.00011936264096466348,9.491659938315715e-05,7.963555514772241e-05,7.735115589614113e-05,9.696626731356785e-05,7.012545715528124e-05,0.00011393179409212404,0.00017266421861635709,8.675221652916798e-05,7.781594862663733e-05,9.153770797748659e-05,0.00010550870034202852,0.00011727342814726855,8.564119721819032e-05,0.00011235908051363543,0.00018676327611033105,9.024936496005588e-05,8.289225242610097e-05,9.736233911788272e-05,0.00010926423390728618,0.00016301643881481005,0.00011171410897151224,0.00012419510004555595,0.00010380078331962697,0.00010709874476830535,0.00014008572177151316,0.00014303637158548453,9.042897787763475e-05,0.00011719232618384072,0.00012699394846142498,0.0001584534879372404,0.00022778247847062791,0.00015963683993111335,8.73709167266993e-05
8,0.00015550267509273024,9.91060380523175e-05,0.00013207718784523132,0.00013714595561743043,0.0001805749272133151,0.0001454959726628966,0.00013122091365421807,9.94790247209067e-05,0.0,0.00010067360560061672,0.0002170427637515239,0.00015316505565244834,0.00011917093193528654,8.357425475057404e-05,0.0001215994455737101,8.864431053902235e-05,0.00010150007989012944,0.0001145627880649063,8.076063310634565e-05,9.472506290285268e-05,0.0001392928747850098,9.74524069685362e-05,0.00010447426416190417,0.00012939060430659956,0.0001844318032135667,7.172568451720065e-05,7.115176648839391e-05,8.565249719832709e-05,0.000110979204392341,0.00015654543732116413,0.00011769497852813942,9.207650802639635e-05,0.00016737423939745642,9.569031620074591e-05,7.504233911992578e-05,0.00011708351556274747,6.773650450133848e-05,9.878775268037124e-05,0.00014397072509316435,6.972639274028942e-05,0.00010253684163517541,9.854889459484469e-05,9.01170058156093e-05,0.0001530571207711841,7.114559871922063e-05,0.00018986716532346263,0.00012123124347427475,7.880777658490643e-05,7.381141031082437e-05,8.79972599747141e-05,9.039662491965656e-05,0.00016374784281462636,8.688722663083523e-05,0.00011243709800286256,0.0001816021482436849,8.362907355967695e-05,9.65442642002298e-05,0.0001143199539603572,0.0001146146961359294,7.099110531379992e-05,0.00010713963884457631,6.81529573836556e-05,8.240374365510984e-05,0.00018051425428184233,8.503330395754925e-05,0.00012779908902788752,0.00010222507372582717,9.550339490883104e-05,0.00015357395042999534,0.000122579971967992
9,0.00012019858867364204,6.47312981741147e-05,7.797317166699475e-05,7.873133229489034e-05,0.00011185003993910767,0.00011489446862762647,0.0001077469743605566,7.384058255197134e-05,0.00015196634708481723,0.0,7.301089695138817e-05,9.427206138906348e-05,7.769130698544978e-05,0.00011802047520918941,6.35164013196585e-05,9.07467948759463e-05,0.0001250615491971418,0.00012325529016602701,0.00010822858217834958,9.115105879496756e-05,9.104286236250062e-05,0.00011388729853141354,0.0001023831345210513,6.236070405468797e-05,0.00010349901440429608,9.936707031675387e-05,0.00013151628800703235,0.00010335434710073039,8.829770950639363e-05,7.073727570380057e-05,0.00010462141992596579,8.504131401066056e-05,0.00012944374110389556,9.092200333626268e-05,0.00013835228711748398,0.00011156973067335421,6.590876514507583e-05,8.307297270278108e-05,6.547277270930451e-05,9.33002363922116e-05,9.325503369990379e-05,9.934795016669006e-05,0.00014119884112473127,0.00010608868799170995,8.480524975305568e-05,0.00013546268676289656,8.174825999452685e-05,0.00012087709336963332,0.00010377651110422652,0.00010652169878402726,0.00025503071217029626,6.768741312826726e-05,8.475151035293256e-05,6.78684734109289e-05,9.46609423189173e-05,0.00012418052019707616,5.8873264898662234e-05,0.0001352177451221639,0.00010156737190774336,0.0001278239794206402,7.608584928145106e-05,5.386138610215783e-05,0.00011133884614698279,0.00010814473431924353,8.011072748964908e-05,0.00010675391120703452,9.127728633454841e-05,0.00016412300554521727,0.0001588002706686777,7.677142453080981e-05
10,7.123414627753273e-05,9.596511602162921e-05,0.00010248107829405544,0.00012806973184404028,0.00012781226680884963,9.290647861411941e-05,0.00015498751483533074,0.00023362010960510174,0.0001684904908388459,7.665661184408169e-05,0.0,8.987333965535251e-05,0.0001760000026107428,0.00011803084295744586,0.00012863116621026399,0.00012911793338430522,0.00012715011932697316,7.790412491691453e-05,0.00011305776623499714,9.242476180059997e-05,0.00011137216020922683,7.239354108684968e-05,0.00017659822860943158,0.00010160920417252639,9.326304196525105e-05,0.0001003960581768532,7.112403543751643e-05,8.822593007798631e-05,7.430118303666554e-05,9.174853007339582e-05,7.537640088569277e-05,8.728747868544913e-05,0.0001489984499510321,0.00011532301562777401,0.00018697756196841008,9.12492987914987e-05,9.223768247519863e-05,9.118750939903572e-05,0.00010362343493527288,0.000113945867531383,9.266210699686086e-05,7.34188383264178e-05,0.000137420591140682,0.00017869911935464522,6.188252021941749e-05,8.936512609496037e-05,7.344560409022782e-05,0.00013335526722073264,0.00013636874368357207,0.0001161905126675072,0.00010368154725648793,5.378853395321371e-05,0.00011788769073742221,0.00015344396282579526,0.00010843628196167291,0.00010164851873822051,8.995053924617937e-05,0.0001825123527195217,9.777572101270961e-05,0.0001548208934804055,0.00019293356662206763,0.00014463698396272425,0.00010039467035709235,0.00012547023226403947,0.00014040299395176971,0.0001043251819995076,0.00013045813859575146,8.602696806358164e-05,9.450707469698132e-05,0.0001135230068298772
11,0.00011135251649824738,0.0001664907470337474,0.00014528351727309446,0.00010680035864835488,8.654872035734143e-05,0.00012106800112824431,0.00010058421042026881,0.00013217031591153733,0.00010953806965429567,6.437912228798345e-05,0.0001904488924743736,0.0,0.00011286385111826215,0.00011470819246604661,6.815050256472255e-05,0.00010002981698923894,0.00012717216774809734,0.00014215752224207395,0.00010675772457390705,0.00010730770361372621,0.0001272278486380527,7.114033447018712e-05,9.19153149191322e-05,0.00011378489520204996,0.00013468740264762608,0.00012844530222949434,6.131632185698672e-05,0.000147103564975286,0.00013701315403332034,0.0001224012568025802,0.00011064880124326548,0.0001447005171229133,9.732130430322636e-05,0.0001611297828275222,0.00013283900372478637,0.0001807725075797812,6.958157462969818e-05,0.00012914035064546164,8.049783816285406e-05,8.935338065521444e-05,0.00011062928600622245,0.00013708938336156964,0.00014582281168817036,8.43537366287389e-05,0.0001026997196663321,0.00013325576913736877,0.00013417151415286656,0.00010921666883506191,9.743382671474918e-05,0.0001250989153176306,0.00016743073598199867,6.41144953961542e-05,8.991155459528278e-05,8.557273172382727e-05,0.00010607881015033993,0.00010031016610438328,9.063025625105696e-05,7.456278856678637e-05,9.216707882662483e-05,6.991147820347922e-05,0.00012064609116900753,0.00012478925977104676,0.00019462709586596068,6.836060882113698e-05,8.141752451034607e-05,7.174503877212105e-05,0.00017331622493408193,0.00013080566743422617,9.10336294055836e-05,8.779628612014095e-05
12,0.0001108611109662024,0.00013147431319589903,0.00023284110659520883,0.00012122408658737024,9.50574712086608e-05,0.00010482443662054087,0.00010709868910379682,0.00010875724008438873,0.0001688317806984269,8.53900864080714e-05,7.189552084753519e-05,0.0001228500552230399,0.0,0.00012909133833814983,7.117353563254645e-05,9.358035145599546e-05,0.00011199917304149592,7.454263155801367e-05,6.304912534981233e-05,6.820711545349733e-05,9.941054552434647e-05,0.00010907943449185304,0.00014344974615052846,8.67152770516844e-05,0.00012822232341657436,0.0001393709678901666,6.913211805431452e-05,0.00014087024823608994,9.039023864085544e-05,0.00010539667342229624,0.00010028017513176645,0.0001190360486849564,0.00010695241601728001,7.082604062705028e-05,0.00011302613904881295,0.00015823118402124054,5.6219076594487566e-05,0.00010387638679747791,7.080860909760467e-05,0.0001229447927404405,0.00016105713118407121,0.00010284047094414714,0.00011366483312186304,7.633508578892663e-05,0.00014664006496017956,0.00014060985882316006,9.3713628375674e-05,0.00010053485205240514,8.455811463926794e-05,0.00011486695743237593,0.00011327822312499666,0.000101572097371561,8.787594411142898e-05,0.00015151798589798239,0.0001854696527835052,9.414965852880029e-05,7.736664827283143e-05,0.00010898975476743678,7.814414218992852e-05,9.081752943765053e-05,0.00011872303604518288,7.362151679645627e-05,7.35515742801915e-05,6.851415395224734e-05,9.839455686472918e-05,0.00012392977148089116,0.00011888675755038805,0.00016707628274694632,0.000170025235707677,0.00011444122289527557
13,8.724804662988138e-05,6.131208025584949e-05,0.00010634723477856899,0.0001177302146683142,0.00011869488854486696,7.070331180872453e-05,0.0001434133651501013,8.681362254212442e-05,0.00014901534639598886,0.00011828792345879461,0.00011611683167392428,0.00012194307608494848,0.0001467113882440294,0.0,0.00012250911717418006,0.00021052300909176828,0.00014875967016920942,0.00013422641802012105,6.515458874999969e-05,8.19594947756967e-05,0.00012859621272220213,8.275434063294136e-05,7.604818242412881e-05,8.743662058223341e-05,0.0002222798219168145,0.00010864216230522284,0.00010114275493969179,0.0001308235282772627,5.9595164541918266e-05,8.807472379029361e-05,6.998657331446891e-05,0.00011851980871608564,0.00017613770860581436,0.00011989346734465715,7.668954362844343e-05,0.0001234742033789576,0.00013034624088461994,0.00011975141881251024,6.73523882723573e-05,0.000231335155960474,0.00011952186823529423,7.184830096131298e-05,0.00013701290099777405,8.655253182186543e-05,6.0326618966494126e-05,0.00014712508972829149,0.00010886362476306437,9.376500950967295e-05,6.957416800150998e-05,8.743477822466732e-05,0.0001228232849632956,0.00010040130101002691,7.38335738400814e-05,0.00016899993206240775,7.81741913150492e-05,7.761944590298282e-05,8.974023186623157e-05,9.821435798255306e-05,0.00011929185651939139,0.000123997064056995,9.042709990674262e-05,0.00013486284015226836,9.456689244487939e-05,0.00014249236772120782,7.464762497617196e-05,7.989730258350516e-05,0.00019766987572233764,0.0001035819080493118,0.00010853465694805198,0.0001503861579074496
14,7.389904555483893e-05,8.423693906152805e-05,0.00011017178014888825,0.00010870997631187745,0.0001039042280161366,8.917094493784988e-05,0.00020812335091727636,7.095460945198672e-05,0.00012855800364097652,8.52959499801996e-05,0.0001019270275964071,8.274436231356532e-05,9.304790997447723e-05,9.498224451231914e-05,0.0,8.272689814421061e-05,0.00010390560050019714,0.00013965763073651248,7.926018319738362e-05,9.08637080766027e-05,9.672502421790083e-05,0.0001437443630561704,9.856892590758445e-05,7.889080550982059e-05,0.00016394625583424395,8.866620837836108e-05,0.00010025831578556643,7.722541687036126e-05,7.151503471829162e-05,9.25111167587938e-05,6.652120830082252e-05,7.543973136664321e-05,9.513495088958849e-05,5.63389986373175e-05,8.08010136955831e-05,6.387481206602775e-05,9.144887630336431e-05,0.00015268906276853016,0.0001363243947510748,0.00010810518028664169,8.672378817908659e-05,7.342235141970179e-05,6.74015424758541e-05,9.54548325469198e-05,0.00012888049857377555,8.86652648461991e-05,8.526029292525841e-05,9.215927368451061e-05,9.848322109519512e-05,9.82216365254552e-05,0.00014129473940787448,0.00010783513146458508,0.00011527089632023087,0.0001159948699147905,0.00010780842689480914,0.00012347116468137487,7.495564797671593e-05,9.714715745358105e-05,0.00013297695845336505,0.0001586934769659398,0.00015428144687752138,7.079936901946452e-05,0.000142950454871572,6.19378957782005e-05,0.00010786630038858549,9.739088085982012e-05,9.596425370333969e-05,7.708353513131129e-05,7.66039002084391e-05,0.00015350648321243714
15,0.00012393906517797727,0.00010255018740687404,9.495307555203316e-05,8.094406952104765e-05,9.561188646298966e-05,0.00012663613444794105,0.00011911524923007001,9.30630296413353e-05,6.73096894515075e-05,0.00011938107013122026,0.0001306389306766848,0.00010453570823682096,9.53670542355391e-05,0.00016202257408234926,8.561117801052897e-05,0.0,5.441650155531735e-05,8.880975279388872e-05,6.146344893806452e-05,0.00017958616843590297,8.11560960281814e-05,0.00018851822504445365,0.00012516608711732167,9.456284331894016e-05,0.000172185793561709,0.0001016706637751129,0.00010864264514444106,9.133033644685962e-05,9.10810237022718e-05,0.00011073919429621831,6.119285359541803e-05,0.00012626194372978235,0.0001372145868510278,0.00016651099059775197,0.00010186721325717293,0.0001029236535873507,7.899864867576698e-05,0.00013764186184320344,8.640705019690687e-05,8.87328712989533e-05,0.00015150086551016253,9.02016845275041e-05,7.345448016979821e-05,0.00010793471727238393,0.00015713745519344287,0.00013648477267574118,0.00012762546858427305,0.00011001422270843933,0.00017026034260323274,9.637008971392295e-05,0.00010585482410419158,9.4650993564601e-05,0.00013824329085958725,6.858171919145704e-05,0.00014069385422713833,6.746287757549358e-05,6.016560624927986e-05,0.00010087046831565172,9.421021538245961e-05,0.00013371376947240808,0.0001331534582931995,5.867818579384944e-05,0.00016793863562676608,0.00013575938988118232,0.00010268735795121606,8.082481562763895e-05,0.00011843228847953192,0.00013862691833465958,0.00011507516894903002,0.0001337406889570855
16,0.00011069044054905961,0.00011214914429061147,0.00012704801092508304,0.00010940584538230936,0.00013997779689379805,0.00014327017574206364,0.00013129455186048215,9.771546155140221e-05,0.00011514430052221612,5.850278569330833e-05,0.00012755091802470412,0.00017564806548964516,6.060809301780698e-05,9.480343031745878e-05,8.828411176594173e-05,8.649201717654614e-05,0.0,0.0001078302521804693,5.488677999132651e-05,8.987771290700385e-05,8.07974932434795e-05,0.00010949663254038937,9.421920627915961e-05,6.5206692743413e-05,0.00013130536391478588,0.00014095332203618773,8.101404007736106e-05,0.00012387006650074075,9.691917322218285e-05,0.00012560621947217744,0.00010634393714378695,0.00010863764724788431,7.271423952965945e-05,0.00013383246632419564,8.546287470357352e-05,8.04079537778042e-05,6.688831762175483e-05,0.000152453349782805,0.00012667664118987248,9.271755868318464e-05,6.634309970555647e-05,9.235854946081493e-05,6.073408002981556e-05,5.2809334514602686e-05,0.00014652061435209822,9.931170055827582e-05,8.644857833571287e-05,0.000131621839162144,8.056446761720828e-05,7.53535840757416e-05,7.227395178154524e-05,0.00013920133288536818,0.00012891178098438505,7.694650115482904e-05,8.340857196257391e-05,7.528398123478734e-05,9.035814946065797e-05,9.662902118016819e-05,9.489413621172597e-05,0.00014076604501846862,8.750180847650733e-05,9.518182865148137e-05,0.0001021233685728895,0.00012733641660688772,6.715199429358535e-05,7.503682030829646e-05,0.00010183938917282778,0.00012702245164591036,0.00015086364153549475,0.00010688905036137754
17,0.00010084696068273326,7.102462919369296e-05,0.00012545003719182496,0.00010324941541704496,0.00010136518182794347,8.151913730987558e-05,9.014572278091936e-05,0.00022383210011336043,0.00012564292704519433,0.00012822229699757477,0.00014084573206531295,0.00010912565267138357,8.852192833784316e-05,0.00017304378760273648,9.154727012849265e-05,0.00016007378277268957,9.084810092421469e-05,0.0,0.00011357233700309468,9.643698523882341e-05,9.543969044828494e-05,0.0001038655715919735,0.00013562551916560772,9.021190015318481e-05,8.484055485308047e-05,0.0001327488385554146,8.825833557903978e-05,0.00010255723389430125,0.0001309002816314521,8.005826326627052e-05,0.00010722418590392686,8.727883433364273e-05,0.00014720705844209844,7.854015639471017e-05,0.00013555493106339592,0.00012050499154696577,0.0001560033358570933,7.891588214608483e-05,0.0001717558447146195,8.324488208899849e-05,7.39848654997402e-05,9.24393969329267e-05,0.00014755865139950668,0.00011956480167620737,0.00010331810199004044,9.576039942299428e-05,0.00011762649290951766,6.916997403311148e-05,0.00015022680945303232,0.00014851000817586238,0.00010912879227612765,0.00010553835889692207,9.970669276814694e-05,0.00011152812066441456,0.0001353051953733969,0.00010265383073649582,9.554380472472203e-05,8.957751697797638e-05,0.00012753420192005704,0.00013666210203431374,6.800751814965604e-05,6.29483848017082e-05,0.00011373746945748073,6.449135362642138e-05,0.00010148427698103181,6.041558531778082e-05,0.00010676893010298773,0.0001623390934379069,0.00014037200187699326,0.00015554564821178857
18,7.881843671767197e-05,0.00016589471560968377,0.00017281090251486823,0.00010155317212145421,0.00012415201673963077,8.987673386880751e-05,0.00019101844458679616,6.087587413067994e-05,0.00013419883281191002,6.571575859688387e-05,9.743514158967257e-05,0.00014793323129630895,7.808357698356458e-05,6.112863936042382e-05,0.0001053509512230231,9.087359977889729e-05,6.340925526411407e-05,0.00013055489917960034,0.0,8.205667464731385e-05,7.19066425719901e-05,9.051018444632593e-05,0.00011291541127502915,6.529525117669517e-05,0.00011055204887038848,0.0001038857496038787,6.558864570110991e-05,0.00019520586887184603,0.00015878135919776432,8.360111396883376e-05,0.00022118767945741917,0.00010654239604232251,8.513948970531299e-05,9.427681844930753e-05,0.00015104834776011824,0.00016153600208719234,0.00011425617922042401,0.00015647365270012698,0.0001337273047575179,0.00010984690328938293,8.79397509417604e-05,6.815294000750256e-05,9.481451801876671e-05,7.54640653992788e-05,9.167033461324669e-05,9.787004673410168e-05,0.0001473107406150255,0.00011398905606923456,0.00012817710927418946,0.0001056152581757244,7.342936157496371e-05,6.188197344937501e-05,0.00011302079059033491,9.609359355996796e-05,0.00015869562393210833,7.140535402721065e-05,7.070130469286524e-05,9.787080103078654e-05,0.00012434564334356642,9.140565716092951e-05,0.00010089023694990004,0.00017433441608930564,0.00014379911545662902,0.00010877128966229136,9.905811932030857e-05,0.0001531514432920936,0.00011532085832512208,0.00010788910380477163,0.00021327606035002222,7.15042505959248e-05
19,0.00012709415354916252,0.0001270859215120615,0.00011371607867055067,0.00010345779125674658,0.00015474236480659946,9.757786114240236e-05,0.00019877907760760036,8.603473409971298e-05,0.00011184872463575043,0.00011048329957114035,0.0001179147297076419,0.0001544578061303717,6.681196971873123e-05,0.0001029289946326707,7.313292701378712e-05,0.00010266639572142738,5.839135701287567e-05,6.314199644006032e-05,0.00011370997583506066,0.0,8.707040853589231e-05,0.0001303578960455184,0.00010185109948896321,9.155808511024927e-05,0.00011829989758904149,0.00015382518817721116,6.432362965129097e-05,7.09240983106079e-05,0.0001461791954926552,9.09310588616411e-05,0.00011337628575389962,9.036089965882274e-05,8.222775790560786e-05,0.00015640510563169293,0.00013291438840777858,6.678926240754192e-05,9.017165768222829e-05,0.00014716091029215876,0.00010546866025645009,0.00013954340744324828,0.00011479534009418662,7.117173713530722e-05,0.0001002246067994279,9.856598031965091e-05,7.989353149732998e-05,0.00010814610308419834,0.00017501356422333105,0.00016819953071703727,6.515487519736162e-05,6.95863063516705e-05,0.00015611318843819673,0.00012247013263624442,0.00013699573390453434,0.00010343995067934797,6.914984925725588e-05,0.00015724323730133654,8.307706878166707e-05,0.00016093001431523963,8.764956795248122e-05,6.373583128643399e-05,0.0001382893565899711,6.976182711969837e-05,9.020996658928085e-05,0.0001005320587994812,0.00010775751652883676,0.00010749540083606246,0.00010288490207656842,7.267473964178062e-05,0.00011716524269080791,0.00014853141730009848
20,0.00013824389705097031,0.00016882804297933192,9.446814446724832e-05,7.751114624151248e-05,0.0001130015835369411,0.0001502082630014964,0.00020133618239594406,0.00010207362586654897,0.00013974596347404272,6.116563107543514e-05,9.567045667065097e-05,0.00012473179590281194,0.0001189555543613469,0.00010828264609921039,7.633169867286122e-05,8.012508484875391e-05,6.10865728502808e-05,0.00013251354593621256,7.279985875099582e-05,9.941074978184794e-05,0.0,0.00020786990331737192,0.00011613990382331485,0.00012053811624677457,0.00019816875192636026,0.00010565688451710414,8.762702297642291e-05,0.00017811253918717821,6.17090251943662e-05,0.00011036738730571707,0.00019014652738824482,8.140262284053326e-05,0.0001289956834407112,0.0001208622078846295,0.00015245281252998928,0.00010435152637391989,0.00012046116632958536,0.00013609905502679281,0.00013279756823436606,8.864882137076376e-05,8.337790502320827e-05,6.570037239430189e-05,7.801031980063937e-05,0.00011869447346662169,8.535964255516175e-05,9.039183799450388e-05,0.0001568836891482009,0.0001883950631824575,0.00014357326928438513,0.00015636187479726053,0.0001488103767352487,8.10509624257355e-05,0.00012073391486632374,0.00013154069787621125,0.0001253593480397724,7.245484604806499e-05,0.00011902948815059518,0.00012485610964559294,6.661367565221626e-05,0.00010669037982743143,9.481526415605397e-05,0.00012069801157031456,8.464290391960652e-05,6.782153684441171e-05,0.0001185954384931453,0.00011849619554412889,0.00010657995891138162,9.261370720806967e-05,0.00013675882049792414,8.844199758868504e-05
21,0.00012250681843235038,0.00013096294789538885,0.00011703764583370838,0.0001055789247927933,0.00013718068232885716,0.00013119447040256982,0.0002199766697023596,0.00013009459975519723,0.00011859331369943852,0.00010196386475577962,8.535470228125645e-05,0.00010438947397491396,9.805833744953942e-05,0.00013774008517639322,0.00011371709029591558,0.00016110286244400512,9.18997097217184e-05,0.00013087993530151506,7.973308539334485e-05,0.0001760869606275185,0.00011522745181156815,0.0,0.0001318495029030548,7.477335703456971e-05,0.00023265559734400725,0.00011613813279153782,0.00015555358562415595,0.00010732334681123247,0.00015732959068519365,0.00012955063140026235,0.00011893099316700251,6.514149660770658e-05,0.00011250667319607653,0.0001099955081123781,7.110422978889467e-05,0.00022782642274152393,8.261612968858724e-05,0.00011265458619588657,9.47655261362725e-05,0.00017458735167771673,8.053448147297214e-05,8.993747080413932e-05,0.00010602546981989038,0.00015195137337642873,9.89547166938499e-05,7.997754072684553e-05,0.00013284363132637044,9.127639229727116e-05,0.00011213561837007702,0.00011322197554762042,9.631339027639395e-05,7.013479419850254e-05,8.336180840567621e-05,9.657955443325839e-05,0.00013404306551496214,0.00014970212724790762,9.300596090022672e-05,8.519501223357018e-05,0.00013129190125273123,6.826555243551683e-05,9.998765031112803e-05,0.00011231209855674609,0.00011908058428238406,0.0001508068655810859,7.598022820648347e-05,9.599788025193034e-05,0.00011820035074450637,8.455777257895141e-05,0.00013899376229523558,8.798860100421958e-05
22,8.908974002823662e-05,6.4713602900827e-05,0.0001565686811599666,0.0001500406042290377,6.457535952976937e-05,0.00012269972612831612,0.00015889456994845047,0.00014433762588055932,0.00015431186065199335,0.00010266951171335469,9.832023997377663e-05,0.00010804471612461918,9.840166538101059e-05,8.06700481724722e-05,0.00011525870470166645,9.109030786041684e-05,7.009397737444161e-05,8.146493509653858e-05,7.328156037130236e-05,0.00014754414923892186,7.246768040282929e-05,0.00016843274245401674,0.0,8.747406656075014e-05,8.697433466445446e-05,0.000115475434997669,6.490403618614246e-05,0.00016338804354189583,0.0001247060585593474,0.0001249081319606101,7.432768165962284e-05,0.00013183523040622927,0.00012298783826681669,8.781483143623348e-05,0.0001094598000583848,6.45044687599984e-05,0.00010867119617871073,0.00019758726417553753,0.00011861523374078736,0.00010996225745071152,7.252093939627324e-05,7.988106622554743e-05,0.00010543739146619587,0.00011483348341622337,9.527065374393122e-05,0.00010407180277527578,9.271321166204922e-05,6.458281693274695e-05,0.0001299786236223517,7.411398550875196e-05,0.00012005339655971589,0.00011444877825423273,9.539888418558212e-05,9.144532719565866e-05,0.00017036368022048726,0.00013683580256495457,0.00012197402584314375,9.547776733807754e-05,7.942360495549243e-05,7.587564260330848e-05,8.609608685414445e-05,8.66466728549246e-05,7.101793637592519e-05,0.00017859212376772327,9.741293371872599e-05,9.877653556205197e-05,8.523254591505918e-05,0.00014195811184617642,8.299278958831111e-05,0.00021973094116021672
23,0.00015888475827152975,8.371785864451451e-05,9.90751802597814e-05,0.00011013223420054727,0.00010432625867847246,8.101087960272902e-05,0.0001289231995023132,0.00014591326987350889,0.000144934505530727,9.129126226871105e-05,7.564353751731383e-05,0.00011226823920732653,9.356700148585334e-05,7.89747089962432e-05,0.00011963036391340048,0.00014469667065136787,9.455678069384916e-05,8.089986078253105e-05,0.00011914260189849245,7.45097687190554e-05,7.675347406593175e-05,9.879320640285545e-05,9.301178482904135e-05,0.0,0.00016244121438381415,0.00014343456889274062,0.00011787848123246722,0.00016228389702430566,7.626998386056679e-05,0.00012952977341749444,7.932753260525422e-05,5.301754009806506e-05,6.795228840618098e-05,0.0001131690102496394,7.393973850429377e-05,0.00013049259894215768,6.714996256277485e-05,0.00011581253182903498,0.00010251856988374738,0.00012531225033456594,9.623293723743033e-05,0.00015484054603430694,0.00020870874603715091,0.00012415253909159635,0.00012949940753561226,8.405580382010016e-05,0.00010829956160970658,0.00013562025925900771,0.0001208918710132338,9.30181380786168e-05,8.580547970964337e-05,0.00013438602993537456,8.087655649412911e-05,0.00014333003971251878,9.07159665408379e-05,8.525823140970776e-05,5.637301732850189e-05,7.69825394034103e-05,0.0001132518250347118,7.265887391721101e-05,9.87811333772011e-05,7.806272833981581e-05,5.681730921657251e-05,7.069343679782994e-05,7.545584311712501e-05,6.338517093490538e-05,8.808452155268443e-05,7.984235178321032e-05,0.0002027279030539979,0.00011565919456610028
24,0.00011343189401038478,0.00013187835169126583,0.00011485891117525511,0.00017154704636110365,0.00014946177259312696,0.00010772508419591896,0.00010397793420498476,7.580287977751301e-05,8.609757286844368e-05,0.00014483237198907766,7.07596565120168e-05,0.00017222327061683235,0.00016411878270196294,0.00015411946941372442,9.506042023576143e-05,6.427636178662761e-05,0.00011196094260552061,0.00011600336881017053,0.00014801762675506984,0.00011801708856774246,0.0001535678322508278,0.00022815249133052715,0.00011297251943545477,9.591301330864816e-05,0.0,0.00015757476700275054,0.00017632526193237433,7.91162529118496e-05,0.00012242985457870892,0.00010998744828851684,0.00010438538271232609,0.00011289864185312524,0.00017431603155501494,0.00020216160063749495,0.00015538612729766544,0.0001409811360133057,8.806359066383834e-05,7.359466438387771e-05,0.00013084933562144187,0.00010630938087093031,0.00013642246086586525,6.048673328343708e-05,0.0001008045152846925,7.65091484798066e-05,0.00018235415779266006,7.500558475982329e-05,0.00016335400909601539,0.00013044034203395222,7.927835356144578e-05,7.406180855741046e-05,0.00013120432542099394,9.75358375085483e-05,9.040617265287254e-05,0.00013390494155249955,0.00017924252633609556,6.34726622926698e-05,0.00010516204632626957,0.00012533395013314682,0.00010879400899965469,0.0001712872538447716,0.00018319290669849964,9.619062740476131e-05,9.40689393953661e-05,0.00014444810932447632,0.00013133862122984298,0.0001634421180337726,8.729577762254098e-05,0.00011675422966378212,0.00012025928355299679,0.00013602309822612397
25,0.00010606980542761703,0.00013854190774820977,0.000192756468078292,0.00015100494858549216,0.00019788420944262132,0.0001697569853707267,0.00011178502658687028,9.75995968507504e-05,0.00010279627327222722,7.131878174145691e-05,9.20709870012141e-05,8.751216491771456e-05,0.0001431755616484485,0.00010667779685787398,5.446060640603687e-05,0.00010560593817880505,8.687290616911647e-05,9.847224068183617e-05,8.757325841941869e-05,9.405838136336608e-05,7.579968943926052e-05,0.0001551302099217557,0.0001256668888750776,9.7831038471003e-05,0.00019379161374606297,0.0,8.989044688958782e-05,0.00013999882526375827,8.786395547190065e-05,0.00010082799035048566,0.00012629679971238938,0.00012821568948134278,0.0001135497066269302,9.444962613143232e-05,0.0001692199714628896,0.0001759436297963827,9.017954523958682e-05,8.923358525043618e-05,8.981889614546141e-05,0.00010195907322728512,0.00011621315615742012,5.4529147644723845e-05,0.00015429739709154692,9.80627396334053e-05,0.00011856838025789415,8.728050409758695e-05,0.00015658251599998935,0.00013687255477109027,0.0001945328142653452,9.591112974738137e-05,0.00014357178799546662,0.00010895466219182813,6.782438545831931e-05,9.906987909930226e-05,0.0001226745147786387,0.00014839287629820597,0.00013732152729293163,7.017892159250838e-05,0.00011057305677807578,0.00010840746078632059,0.0001334236807671341,9.618030269172397e-05,0.00011988693186368521,0.00012575507220272044,8.075027434691621e-05,6.781902650280449e-05,0.0001214364137745508,6.0076406447452326e-05,8.031627919798879e-05,0.00010160772414078007
26,0.00010768075195666998,0.00017860956556553162,0.00013487318861752658,0.00011086124001195425,0.0001527578709150763,7.515903994169957e-05,0.00012203938342892628,8.04634991483445e-05,0.00010995929387340945,0.00011572543053230892,8.793806776613405e-05,0.00010937016759292075,0.00014824445612201363,0.0002270993598198878,0.00012321904121058265,0.00010507031153983701,7.573017889129331e-05,8.114831535519374e-05,8.020136815792011e-05,0.0001247261460683718,0.00010410244941562153,7.867853187742898e-05,0.00015132592481221724,0.00010576860537293922,9.53224614163675e-05,0.0001453173149998507,0.0,8.806556482296408e-05,8.344018277985095e-05,6.254959208101032e-05,7.003242729996574e-05,8.685563418034896e-05,8.16066333329723e-05,0.00016383168949695503,9.451233953644242e-05,0.00010601837728859379,8.828638930821955e-05,8.732165891214505e-05,8.245855504958326e-05,9.032773675924438e-05,8.194884807667382e-05,0.00013295488836040888,0.00014191306497787897,7.268796748239097e-05,0.0001675802667304117,0.0001348995049344168,0.00012120345642189247,0.0001619768813117276,0.00016154746303023446,0.0001023912869349008,8.751475296589958e-05,9.074900433052278e-05,7.563849939924305e-05,8.437405477004259e-05,6.44614201320798e-05,9.258987987949793e-05,6.126890882028227e-05,0.00012000180506735636,0.00010566175079973989,0.00010787295010175222,0.00010453723988340525,9.859855556655204e-05,0.00022508797165212045,0.00010358644050617836,0.0001124065068167373,7.441710350782134e-05,0.00010055984021378636,0.0001363764438914573,0.00011339769628796276,0.00017469746636846907
27,0.0001335016764542986,0.0001253833745868975,0.00012523525464653123,0.00012307956920651098,0.00011717452717267482,7.202615158996769e-05,0.0001377748879964687,0.0001659730889663261,9.563975427070852e-05,9.19741335295178e-05,7.888895251788216e-05,0.00010009937464197205,0.00015242182790340674,6.471661028593734e-05,7.237631247731822e-05,0.00015444648012866494,8.16464838146553e-05,0.00010085543343770353,0.00011311726077097432,0.0001360895456125946,0.00010912406621947929,0.00018573908174621982,8.831254277500092e-05,9.285051363845299e-05,8.866963256468415e-05,9.013714168387619e-05,7.353212263972398e-05,0.0,0.00010995320675032042,8.8400307631215e-05,0.00010138132333186398,0.00012100434986812158,0.00010643674642863534,0.00011420102828930846,0.00014241623217434662,9.926202424514159e-05,9.055882736351091e-05,7.451134408747835e-05,7.725930526925703e-05,7.673965525395484e-05,0.00010806622506610551,8.460633827551209e-05,0.00013251147201410776,7.81182805039683e-05,0.00012234956258843212,0.0001661414738777361,8.932030330880051e-05,0.00015335372655871785,0.0001379912208617548,0.00010959289896904342,0.00011491429158104431,0.00010309204667166284,0.0001085343162195483,6.768661504739661e-05,0.00010881409965994065,7.143246266224837e-05,0.000138252786304861,8.023574871604593e-05,6.62217275952267e-05,0.00012597917749253583,8.283252208170207e-05,0.00010002027632208981,0.00010181884683534128,0.00014251456412388606,9.309844465464144e-05,9.44106345589586e-05,0.00018597646714253383,0.00012969457127210964,0.00012861372389339225,0.00011955316055657263
28,0.00010068665492296271,0.00014658763379742012,0.00014141612424561063,8.479078782178308e-05,0.0001020036645444118,8.005024793794927e-05,0.00010489684642154278,0.00013443297959497534,6.673137867039351e-05,0.00012927938874017356,8.117376988025662e-05,0.00012963175292627716,9.019508349765267e-05,7.414482066555397e-05,8.154377668720284e-05,0.00011346030701443012,6.937842125374425e-05,9.717627311687668e-05,0.00010671642933321477,0.00012792649153552988,0.00011059153339308614,8.51010587353468e-05,0.00012594181886445364,9.263285036836194e-05,0.00020481763707566196,0.00017567631384454642,7.61416380447421e-05,0.00020266816656361078,0.0,8.2563840388994e-05,0.00011785281727714868,0.00015761773336863804,0.00011326562647248968,0.00011425265458441285,0.00012679152325341516,9.332700562271507e-05,0.00010090921127530037,0.00013631263811662638,9.981924846049309e-05,0.0001339987087834219,0.00011271174195646842,6.569300925516628e-05,0.00011468520698927512,9.459485430326159e-05,0.00016714203079044274,0.00011928731842871785,0.00017268661467997968,8.53635241309034e-05,0.00010543198802323603,0.00010283798416033108,8.037147902307814e-05,8.25799064166414e-05,9.551933361908654e-05,7.827901772020956e-05,9.050950581936627e-05,0.00011077266310307319,9.886612092533839e-05,7.359595851218448e-05,0.00011068804400691279,9.791568549253874e-05,0.00010431958230241403,0.0001073917952058287,7.818090691392837e-05,7.354836234939011e-05,6.719268820533902e-05,8.022416389126981e-05,0.00010084988184010248,7.395891239843469e-05,0.00014004121059828497,0.00022432845408150396
29,8.786879679926838e-05,0.0001161608901085591,0.00011756248041634892,9.385673256894134e-05,0.00011622679063992776,0.00012083614441701226,7.141434550292041e-05,9.713597977649497e-05,0.00013329811986595726,0.00013411120370289097,0.00020548624079252237,0.0001229201709104863,0.0001578818210741098,9.38107040073708e-05,9.922170455364576e-05,7.039851310448063e-05,9.344125357171782e-05,8.517742416161925e-05,0.00016051928954260455,7.202433015395054e-05,0.00012957709559994294,8.060548346579937e-05,9.015497376626965e-05,7.579529783064418e-05,0.00010931482118566228,0.000170260647293363,6.768972948680138e-05,0.00011419491367016764,7.296973308413822e-05,0.0,0.00010481819935791258,0.00010422233929713448,7.791078287145923e-05,0.00010587679843071446,0.00011581608540236346,0.00012083612484386934,6.242721095030315e-05,0.00013190621274747555,0.00011411387704411666,7.062188496821137e-05,0.00012037085927664651,9.945652784560076e-05,8.116579040317963e-05,0.0001107085128651556,7.876177673571752e-05,7.942043697111192e-05,0.00011186095502932635,0.00013001816692408347,0.00014505647951395633,8.363734015351554e-05,0.0001540592222857429,5.5111804515841405e-05,9.609413799938958e-05,8.648055782288855e-05,0.00013852948610626714,0.00011382386580430576,0.00011968981654491866,6.40247831387225e-05,0.00012231228550135134,0.00015191519826864464,0.0001463048097224209,7.400020683900389e-05,0.00014507762498308223,9.612452517373954e-05,8.551572914222588e-05,0.00012249967895075034,0.00014928835713055703,9.96046590393437e-05,0.0001407901048509271,0.00024008542195855774
30,0.0001015074633457644,0.0001234925412623436,0.00021325669783881155,8.842358901114975e-05,6.501528831704184e-05,0.00011251243555146388,0.0001538944390585414,0.00011478045706641222,8.947102179604218e-05,8.288411637030662e-05,5.916756634765181e-05,8.433787685827737e-05,0.00011760956246002654,0.00013333575990060484,8.289968963122998e-05,9.122258971762092e-05,7.153939281998702e-05,9.881595724494848e-05,7.896220684296299e-05,8.360996461323717e-05,0.0001807443129911863,0.00010074448740070566,6.778939307469014e-05,9.799813063069356e-05,0.00011824892402542852,8.881076285454639e-05,0.00012395470429133243,0.00010060126672696255,0.00011266511073737671,0.00017350650464717152,0.0,9.670444030797822e-05,0.00013446370305802402,0.00014791022103692925,0.00022367108352697325,0.00011357480027566187,8.845606939947573e-05,9.044118720413885e-05,7.433374641136599e-05,7.267784926083133e-05,0.00013451430073663917,0.00011754764465769946,0.0001223356789379575,5.9278735885026584e-05,0.00017240266640783624,7.489457588211144e-05,9.802071101901916e-05,0.00010746778170819516,6.878790705231082e-05,8.837403298542227e-05,0.00012446136065474972,0.0001065061335790474,8.628036805850332e-05,0.00012017892326169679,0.0001794299259909409,7.322767516262631e-05,0.00010235271821926028,7.661991074540839e-05,9.39387325696623e-05,0.00011788756672496686,0.00010613850666856801,0.000167375821188841,0.00014455074702598956,0.00010218747275929589,0.00010909491028319485,9.710543986120051e-05,9.617603282118259e-05,0.00015708104694465012,0.00015639218870685848,9.76782782528786e-05
31,9.307465660148413e-05,0.00021305445500557283,0.0001406770611601666,0.0001835622385845333,7.682634883363525e-05,7.842576550563238e-05,0.00013430883528309072,0.00010325990540985616,0.00011827504184546184,7.674388437804394e-05,7.101766836947562e-05,8.314631389175748e-05,0.00010163417021471554,5.9900152885532555e-05,0.00012454658869894822,8.64581145834034e-05,0.00012418909730302886,5.9602713413059784e-05,0.0001028259918713634,0.00011631814171790327,7.718665791248484e-05,0.00011416875000847921,8.125806089395276e-05,8.592600273366296e-05,9.532718496282279e-05,9.622306736433198e-05,5.2460845406916106e-05,0.00010374519345931946,0.00012667140808204908,0.00015310661934974203,9.475504270238722e-05,0.0,0.00020766649995274241,0.00017056744305561674,0.00010736573630232221,0.000132019361225149,8.45193800652831e-05,9.783135622921952e-05,0.00013045757159736701,0.00013454826247856909,0.0001737962528024338,5.5494627716517336e-05,8.10342712702918e-05,0.00010427381420742737,7.66122231096238e-05,8.371434817230028e-05,0.00010356934470477969,8.505269465666487e-05,0.00016615712180399064,0.00016329077987921073,0.00016301110180711253,0.00011694481664040021,9.299237376884744e-05,9.704431043507431e-05,0.00011076841601275627,6.907943007120558e-05,0.0001329812128328744,0.00012662872027822974,9.450855658224512e-05,0.00010471726546374449,0.00011061774950909594,9.084801812859306e-05,0.00010400758632976607,9.687742937994099e-05,8.039619625897829e-05,0.00011765039219942004,0.0001158944699724123,9.49447768826681e-05,0.00010364098076764199,0.00014263333554166615
32,0.00020186127889782894,9.20749743179294e-05,0.00018164953799517042,0.00021621535442103637,0.00016628597931541653,0.0001565288647073491,8.485228724737735e-05,0.0001356464561167642,0.0001307487273349255,0.0001924594414793409,7.547170890044721e-05,0.00016109538795639952,9.32055769241592e-05,0.00011164487762686055,0.00014273975815363237,0.00011670722594497083,6.233946065740677e-05,0.00010185971373979891,8.781875085939314e-05,7.139092659882484e-05,0.00010548368958980566,8.076282696854996e-05,8.260791536741742e-05,8.292723270664565e-05,9.248986936646e-05,0.0001347009484212598,0.00015137858503374476,0.00017077182799717387,0.00011125656581211479,8.156111029267224e-05,0.00015154204508219978,0.00018037415129379145,0.0,9.191575761432307e-05,0.00020047912503005984,0.00014861979741373764,0.00010460611460858318,8.45376589377755e-05,0.00016231796015191434,0.00020223965713265854,8.481327887509175e-05,9.238563981332636e-05,0.00016065722981656766,8.298766299385244e-05,0.00015082426313290973,6.193788123103531e-05,0.00010700602226355652,0.0001588163558667445,9.772192618338397e-05,9.56759618463623e-05,0.00011643476556115108,0.00017129944579810113,9.110875800948513e-05,8.57788135324323e-05,0.00011001736813417217,0.00010339440733127027,7.161784545661191e-05,0.00012357972691134865,0.0001248096477246146,0.00011824094387439366,7.447366347856128e-05,0.00015629603111851537,0.00013378399997333247,0.00012111131361319614,8.179487463284844e-05,7.643000674231151e-05,0.00011371288458538835,0.0001302962118604292,0.00011205332184896239,0.0001547491735026981
33,0.00010368549240938273,0.00010988951677885008,0.00021244344737286435,9.141626924385183e-05,8.94657350050096e-05,0.0001384222608443757,9.432209981678949e-05,0.0001340882620959414,9.681087394919845e-05,0.00014965583156764523,0.00010149332809818424,7.357596412066602e-05,0.00016021106379352537,0.0001422263012520862,7.58369563267036e-05,6.360456012616886e-05,5.980562074804736e-05,6.69188660962338e-05,0.00010495942351494961,8.328767308319265e-05,0.00021935536980121077,7.708121840067045e-05,8.788906653880113e-05,0.00010505025137953383,0.00012657227466292736,0.00012734664731663985,0.00010531770774557494,8.075916952241098e-05,9.818388884987988e-05,7.754135823120264e-05,6.020937254613345e-05,8.707628349292287e-05,7.859308921271036e-05,0.0,0.0001238573575915895,0.00012111041062828907,6.214311883332574e-05,0.00018819217676057534,0.00010630767837547225,8.808216066124111e-05,7.971550168284718e-05,7.125637121828499e-05,0.00012752969861725316,0.00010076306894838479,7.82832146081123e-05,8.141877283105188e-05,9.476076825188547e-05,8.270933869734106e-05,0.00016266630984802195,8.5529529746977e-05,7.536634416664626e-05,0.00012233495101529767,0.00011822679509587806,0.00015395151259474686,0.0001485155949668306,0.0001132998892121064,9.129744429024589e-05,0.0001109473454026432,7.273852378416919e-05,0.0001003700044254191,9.886817533635465e-05,0.0001163952050078693,6.7384322941237e-05,9.402190458151696e-05,0.00010624903558989738,0.00011285731662916388,7.003849687079181e-05,9.346912168922429e-05,7.934497352458033e-05,0.0001407706719438916
34,0.00014254539043936758,0.00018625740156221542,0.00018896347874334095,9.110116500637577e-05,0.00011751407467305271,9.772227240710779e-05,0.00014882384197354595,0.00012036319964872052,0.00011271177380621875,0.00010927999624012281,9.982876071251581e-05,0.00011004187427903728,0.00016554776971164841,0.00011213984508216618,0.00012845601118272092,9.980008894460307e-05,0.00015793982474138609,0.0001169255826140491,7.987757849526866e-05,0.00012541988186069868,0.00013175096421385988,0.00014645304057296082,9.698123446669013e-05,6.813833728146047e-05,8.921644194447672e-05,0.00013552167712657382,0.00011151487474872288,0.0001486758801634697,0.00011885682887100405,0.0001220003251195314,0.00013659127646418494,0.00013810623056764504,0.00011899204351724836,0.00010662945855024388,0.0,0.00010885242917665895,9.338999482336375e-05,0.00022229385257887125,9.180702689558616e-05,0.00012098886997019593,9.756893636278089e-05,8.133393010351962e-05,0.00013074370383884097,0.00010651443795810638,0.00015564518769447386,0.00010861425744190747,0.00011307373403991023,0.00012646884647650995,7.643867667638574e-05,9.378441917765334e-05,0.00018468442893578043,6.931000204793237e-05,0.00015462412345907596,7.184381677758431e-05,8.542644880106346e-05,0.00016405400215654768,8.22346337241519e-05,0.00010450194243476836,9.179778320119539e-05,0.00015278800316782888,9.281721086093353e-05,0.00012288994812391181,0.00010993215051201811,6.285987338471445e-05,0.00014690148220040768,0.00011946791190773186,0.00017190526058654106,6.79928537316765e-05,8.568559370586094e-05,0.00014283851928212642
35,0.00015537949788882308,8.274540132641353e-05,0.00012834184647487866,0.00015498620086550516,0.00016170652523018764,7.65294971827419e-05,0.00013639930686032206,0.00012256921155061519,9.558773758761324e-05,0.00012509653730274716,0.00010165727295038042,8.073024755249874e-05,0.00012071887566198782,7.260447454174167e-05,8.051180287996506e-05,0.0001065421526786907,8.847840526635844e-05,0.00011122404950307593,6.247749583980143e-05,0.0001530839939893436,0.00011111717214987361,0.0002068659667822046,7.437751885734933e-05,0.0001098737873557731,0.00015293599853127948,0.00010126024358295992,0.00018012331480346929,9.381097345268657e-05,0.00010331013458247572,8.230311648289146e-05,9.46955730777874e-05,0.00012417474369218805,0.00018591979430289195,0.00012867075526850502,0.00017097007144764885,0.0,7.007016526033691e-05,0.00015162405706025116,0.00018172875994540544,8.445881043294624e-05,8.784548551917351e-05,7.631009739560282e-05,0.000109206020899602,9.359245996161144e-05,0.00017173916631723935,9.863032040159098e-05,0.00016586567257192072,0.00011624894569061221,0.0002202083518035347,6.628036863405584e-05,9.219750791135486e-05,0.0001267077889931375,6.568398833714668e-05,9.179595434436872e-05,0.00010559937526773556,8.14554421490646e-05,6.421879985527545e-05,0.00014217561021973257,0.0001361269979036303,0.00013276604528967688,9.177479546680242e-05,0.00016135973374025738,0.00025766070242293427,0.00010825839975777339,0.00015033213360998067,7.98747390085517e-05,9.241807755812862e-05,9.574745926837851e-05,0.00025455823323820886,0.00018481039280219782
36,0.00013144276014897326,9.895707446781879e-05,8.253530245080342e-05,0.00011853659776140417,0.0001547090297612657,9.731855021383544e-05,0.00016533528257122365,9.487861286709553e-05,0.00017646580600987134,9.783383502414134e-05,0.00010563631513632631,7.430693316379093e-05,0.00012787285032318468,7.923090436570759e-05,0.00012710950086325425,7.498949670189227e-05,9.470250427126236e-05,0.0001736492359839724,7.597603129082173e-05,6.90822037334661e-05,0.00011029393745480612,0.00013070166029135005,0.00017129122217231078,5.419876233938067e-05,9.568734970833905e-05,0.00012387252682105076,6.644016017684157e-05,7.08441391085231e-05,0.00013080124807112982,8.960887776061822e-05,6.377178134829495e-05,0.00010029007345686051,0.00014193153197219934,0.00020863408763057342,8.737716505239988e-05,6.176553184276552e-05,0.0,0.00014523659603848967,0.00012833327371108844,8.451794527248266e-05,0.00015332486159126812,6.545022020424242e-05,8.714249338938213e-05,7.037137328133192e-05,7.751078640979611e-05,0.00011585770247980876,0.00010222807893593273,0.00017013272815861154,0.00012435962801977577,9.15408488815745e-05,0.00010680060283044182,5.429521401454319e-05,5.770748355474993e-05,0.00012062098363953088,0.00013443555639852913,8.999574748181356e-05,0.0001507096869366651,9.898277576039082e-05,6.844269692640297e-05,0.0001305712070740169,0.00010059500535775286,6.950477568771499e-05,0.00011964019454045694,0.00016584103999235048,8.666203765748708e-05,0.00011709777958419878,8.940591049210208e-05,9.207371114418665e-05,0.00024102217729611903,0.00010300548585479392
37,8.14850191670917e-05,0.00015905672953719943,0.00013694024297137777,0.00020355974640546708,0.0001623973016294471,7.964637016095406e-05,0.00022613612494371932,0.0001336318879793433,6.4479003710233e-05,0.00011140828424269472,0.00013383893243266052,0.00011044604676563308,0.0001491496047953562,0.00011476014556306996,0.00010680279243152944,0.00011721031090600878,0.0001009344217339015,0.00010874325912403175,7.35276503258112e-05,9.851086449992048e-05,0.00012922489528359554,9.000360534501877e-05,0.00013443873798295365,5.406782292157585e-05,0.00011393682224800071,8.433585363035276e-05,8.39857411384596e-05,9.843193179447989e-05,0.00012355626174809695,0.00018926324193648266,0.00012865341632132822,6.313854462437524e-05,9.115992793857967e-05,0.0001717981904872732,0.00012110393937612946,8.157711987855402e-05,0.00012689540698698637,0.0,8.280911615439624e-05,0.00010235579998833109,8.52237833448249e-05,6.615334580016315e-05,0.00011022688392337578,0.00019467857208891004,0.0001558551109738509,0.0001582576397499373,0.000126435173385754,0.00010384078628450365,9.676628684258685e-05,0.0001592813467112686,0.00013123624088303963,0.00014725867351205385,8.495323476969416e-05,0.00010249855715831741,0.0001726215378756702,0.00011596498438748457,6.0179338964158046e-05,0.00010718766893146254,0.000161343085181587,6.559057872972025e-05,9.410146317375078e-05,6.980799648371903e-05,0.00016555424184224872,0.00010366338803978441,8.22480824671253e-05,0.00011167526061017075,7.707116336688462e-05,8.573386105266057e-05,0.00012045022379093189,0.00014842245213986496
38,9.70700147802824e-05,0.00014418955130349328,7.961911909727623e-05,0.00010534589454236008,0.0001312953082139843,5.969787987607078e-05,0.0001328230420081023,8.851083748506982e-05,0.000124809598676358,0.00011860753461321786,0.00010468890816864285,0.00011948002244049857,0.00011396978699947318,9.101556547616615e-05,9.405689892452726e-05,9.648304335144002e-05,0.00016350517332665312,5.7264895145678656e-05,9.396767555751877e-05,8.531675474550311e-05,8.165648544561747e-05,9.966036777069014e-05,0.00024552206034140144,7.223386155818922e-05,0.00014393392585309312,9.804656077454758e-05,0.00014688557485388775,9.287739240255331e-05,0.00012666671866096176,0.0001063155541966367,9.618838064047003e-05,0.00010321807965648163,6.578741568222716e-05,0.00010441329813705293,0.000144977605865827,0.00013515253252386144,7.545348322648599e-05,6.313213996002399e-05,0.0,7.123198840719813e-05,7.253430920469548e-05,6.180486021884179e-05,0.00013744401926621904,9.59778860438379e-05,9.217049046647743e-05,0.0001954667879370337,0.0001341294866073697,7.364317429409154e-05,5.836212847990568e-05,7.652784821066754e-05,0.0001343790331397262,0.00020808026169641627,7.569369145244145e-05,0.00012240538218280425,0.00015664367333124852,0.00013477601790881644,7.543041744496271e-05,8.201859352318702e-05,9.190345002714927e-05,0.00014795869775838884,0.00013777648158514933,0.00010130550923167489,6.284268764089103e-05,0.00013818255788280857,7.101363448720674e-05,0.00010525063523508708,9.141575258855669e-05,9.571515684194473e-05,7.762972099706603e-05,0.00015425552469825696
39,0.00010715324115815534,0.00010414603453451543,0.0001773882077783788,0.00015885756562651377,8.506826565535319e-05,0.00011826376083985993,8.695284609881282e-05,7.173351506135592e-05,7.598160467854697e-05,7.61079687079273e-05,9.329048485475373e-05,0.0001572968110175387,8.476168156486337e-05,0.00012948956115412509,5.6915141255675864e-05,9.925473763466596e-05,7.551513548527435e-05,0.00010415429442428312,0.00010016571520821004,0.00010996434260450648,8.935520304949188e-05,9.087584131257534e-05,0.00010025368373029057,0.00011835833173628145,9.136830731063519e-05,0.00019568845601842253,8.439393015810407e-05,0.0001059738406070697,7.070971393157895e-05,0.0001315535144088289,0.00019087246607097364,8.795316499777383e-05,9.955960246202652e-05,0.00014499863841507826,0.00010231477957650091,0.00017266510424405215,9.900261411178031e-05,0.0001656347085294143,0.00016178085755852556,0.0,0.00016263529156471717,8.458900036922101e-05,0.00013636258192540547,0.00013053409233486268,7.481920840044801e-05,0.00014675830747945372,0.00010913000351744138,5.546240566054818e-05,0.00010515261929396494,8.796548885256135e-05,0.0001282215492886581,0.00010579462080077934,8.139740929783395e-05,9.710678992547349e-05,0.00011417228894139421,7.998416096072543e-05,0.00011228485861988294,0.00012315583215756932,8.036136747362096e-05,0.0001076964270608408,9.91776377067756e-05,7.858203401688004e-05,8.028993147862647e-05,8.06441254152461e-05,8.211274564720562e-05,0.00010194289228457863,7.962182115305717e-05,0.00011783781171893647,0.0001428899029640817,0.00016719057835388768
40,7.141425048377346e-05,0.00017142811541320427,0.00017111255793262806,0.00019395775150991945,8.040192557119088e-05,0.00014721787104510914,9.469706591347409e-05,0.00016119259401612966,0.00010743658688964703,6.547329654840754e-05,0.00011624667813226203,0.00010818898676230491,0.00016845135170603584,0.00012089548281221648,0.00010774261344009324,0.00011706572056070844,0.00011368806054575955,8.862920741961726e-05,8.19955777142727e-05,0.00016961753165242618,0.00012462682478503923,0.0001804698040658067,0.00014279280059846479,7.404899097409908e-05,0.00016094959727241552,8.101670308480183e-05,0.00015393426514708172,9.763484789560398e-05,8.56312179457905e-05,0.00010338302575804604,0.00011724612370584572,0.00016602380186358463,6.464800851081527e-05,0.00010128890290747083,0.00018807606718288666,7.429755591398116e-05,0.00013534498249890154,8.77216855105087e-05,9.593133155239313e-05,0.00013920499616732002,0.0,0.0001000055898929727,8.075864366444385e-05,9.373747609286259e-05,0.00011853499089739124,9.89616420984838e-05,0.00012506475296731782,0.00011402137437847585,9.260174864205741e-05,0.00015530594315561207,0.00010878355640369367,6.40297942424958e-05,6.13638767601688e-05,0.00012069078318536057,0.0001496271281851073,8.420625519326329e-05,0.0001274190116935562,0.0001007153010038189,0.0001447873038015554,9.909795804092249e-05,0.0001764842621620946,7.770547950198859e-05,8.980586247501736e-05,0.0001371657200051765,9.435816471119784e-05,6.958036530368022e-05,0.00017061251473359464,7.328278986007885e-05,9.397755106206661e-05,7.382186491255866e-05
41,0.00012637984596352103,0.00013732562236132116,0.00015346754398813325,0.00012509280246880052,0.00010084159811224192,0.00012059768289337234,0.00014735889323743342,0.00011820997256602827,8.590921934174719e-05,9.851737974173894e-05,7.101587881058983e-05,0.00012215046300875077,0.00010301204942784434,0.00010940799959501793,9.100454388267117e-05,9.451255170054533e-05,7.788535118097992e-05,6.942351780210865e-05,7.56341849885042e-05,8.759861491478807e-05,8.267313825118945e-05,0.00015673131222595086,9.566006377717214e-05,8.061234431291219e-05,0.00012814729897931676,9.833769732074104e-05,0.00014324809581750352,6.15188479582784e-05,6.731245222540837e-05,5.787408518945305e-05,5.764970828308239e-05,6.174242079366839e-05,9.629441455418773e-05,6.938967227176221e-05,0.00015175356492384457,0.0001195586002723698,0.00012106315702583915,0.00015287249699432059,0.00016818000582754746,0.0001288342228158083,0.00011823703994390472,0.0,0.0001318486018960731,0.00020834653457019888,7.295575481321705e-05,9.539307130825081e-05,6.736719627740825e-05,0.00011443733809884868,6.552800117946607e-05,0.00011890735856576198,0.00024593939642273,6.328574625085137e-05,9.260513025222484e-05,0.00011937767692751118,0.00011430018232801434,0.00010048285631418128,5.72175189612416e-05,9.836841742800277e-05,5.8705796696596594e-05,9.138061573384252e-05,0.00014063175468206353,0.0001248788173111927,0.00012645169694125313,8.148066945520594e-05,7.380704009445078e-05,0.00010802130498409213,0.00011892610623990258,0.00011876410057207358,0.00026376581893599384,8.927224224166508e-05
42,0.00011591019388350327,0.00011963527690604942,0.00012574392256371755,0.00011256323914450441,7.470241535987746e-05,0.00014439752706481355,0.00012175887635129823,0.00017680099954345266,0.00013957660170606473,7.42744620207252e-05,7.52028952939856e-05,7.24550140664903e-05,0.00014535693658734324,8.11894100482222e-05,9.972382339371585e-05,0.0001242603237673907,0.00010322087234003482,0.00012183209101983394,7.775000207909263e-05,0.00013526769145079414,9.313736439098051e-05,0.00010160219190579038,7.367270287629906e-05,0.00010354367281568089,0.0001746635734351896,0.00018885513908841852,0.00012858402042247087,0.0001177328749664125,9.927883432310033e-05,0.00018673070681097566,8.131155439277784e-05,0.00012560216041592305,8.22759421253724e-05,7.526304050639091e-05,9.360376241413599e-05,0.000127184585415828,7.198492338490457e-05,0.00010263313786890738,0.00016019369304832588,0.00010521323701351919,8.385665186909456e-05,0.0001381229848960704,0.0,0.0001313277351994455,9.07745509606926e-05,0.00010642314436048873,0.0001361535555646028,0.0001137055405610227,0.00013247307669480123,0.00013008398648447147,6.932444380447031e-05,0.00012441333898628937,9.624106911728782e-05,0.00013229229757301698,0.00013617741531343842,7.22110104943627e-05,8.814501084504557e-05,0.00017514532966092535,6.318935246958785e-05,8.17976431896186e-05,0.00010684646269985922,0.00013592982357186863,0.00013582430758927677,7.098894484443332e-05,6.947820884424309e-05,7.334323682579661e-05,0.00010683210557455036,0.00014167783779824367,0.00018880796583913847,9.791640094164675e-05
43,0.0001829179671036957,7.382805288976279e-05,0.00012780696628047282,6.80010460528265e-05,0.00010820459013691122,0.00010407222104296791,9.70163266541409e-05,7.377357646236055e-05,0.00010234136288781703,0.00013150716429520765,9.58860765192296e-05,0.00013801365226541443,0.0001560975079790469,7.738125577515317e-05,0.00010060623220428938,9.942379859696751e-05,6.935152011274909e-05,0.00010214869273408914,8.953350860634728e-05,8.037907548378583e-05,0.0001197295805000139,9.645469191099497e-05,0.0001109201305080025,9.83453254708534e-05,9.80510429509136e-05,0.00013204579873882772,0.0001293122949829486,9.486609720544473e-05,0.0001224471430415788,0.00013563973763536678,0.00010244131205436545,9.785615628372726e-05,0.00010987192639354508,7.130231605556817e-05,9.59186290469355e-05,0.00017057482599746072,7.933672947010146e-05,9.847840047125939e-05,0.0001220050851811937,7.645445838411059e-05,8.001711330776781e-05,0.00013018475087499815,0.00012996068035961973,0.0,0.00028328448310231284,0.00010812198137946011,9.779940146584267e-05,7.78031369960941e-05,0.00013767546368568414,8.551756938313798e-05,0.0001690374470252267,5.5202717983053054e-05,6.587566400827824e-05,0.00010894812038180434,0.00014481324352643674,8.771021564341224e-05,8.802119302480059e-05,0.00013863925356467715,0.00013593807038491626,9.457983493298395e-05,7.569947878725594e-05,0.00010750305854539002,7.746635787886724e-05,0.00011272793850849918,0.00011969572098283139,0.00010784519587332373,6.896947246422e-05,0.00016380586730986178,6.0708761307043294e-05,0.000145683264635944
44,9.50259334769964e-05,0.00010750172113429266,8.40342517854906e-05,0.000207681080587879,7.48356528212078e-05,0.00012003674288546014,0.00011830699338488663,7.129931014613699e-05,6.968140338783481e-05,8.941657153419517e-05,0.00011518579350718848,0.00012724558386706803,0.00010883561174525726,0.00019596812928187864,8.301306333473241e-05,9.508348661025472e-05,6.804226281699878e-05,0.00017036292811319623,9.197018855742806e-05,0.00013461472578517,6.914282123282459e-05,0.00010944808916706503,9.981439960191349e-05,6.547486537433837e-05,0.0001969146727795842,0.0001614057332100085,0.00011212115845793138,8.83250548204622e-05,0.00010786005639336353,0.00012196025067079423,0.00011722075922650192,9.279593404743446e-05,0.000124652629970457,0.0001564498454824754,0.0001545794275476342,0.00015666521214283014,0.00010794797357103461,0.00016356694544440777,0.00010939622780795205,0.0001005690115740675,0.00012957432260595403,6.626365590138706e-05,0.00012075757682050673,8.880903387012897e-05,0.0,7.599131753315934e-05,0.00017692551084498134,8.372920946117307e-05,7.244961361682063e-05,0.00011028501444471355,0.00010382249234770264,6.73770726851859e-05,9.921813045328554e-05,0.00011038067795101336,0.0002507332396040624,8.833727557659235e-05,0.00011128539489357144,9.18994883071344e-05,0.000120522812744971,9.855290491403933e-05,6.687635707056096e-05,9.423229337682042e-05,0.00012745843090921898,9.586397005766122e-05,8.302047409053747e-05,0.00011681832315791174,9.776780068998964e-05,0.0001226807980603044,0.00016102732718181468,0.00017713804867920118
45,0.00016052387458167274,0.00013897194029503378,0.00012067355858508708,8.490267680358298e-05,0.0001595869637300958,0.00010666797392139225,9.446128826850393e-05,9.424300871890576e-05,7.330639391301125e-05,5.808811257961448e-05,0.00011284164986182632,6.343990381807195e-05,6.405819013303941e-05,0.00015037785795149667,6.184720618787453e-05,0.00011656782960578551,0.00012735042578477856,9.208504430334533e-05,6.99869545651988e-05,0.0001999295941299649,0.00011260623901536684,9.88061506534069e-05,0.0001474010017163829,0.00013103220482681596,0.0001506868434509294,0.00013032463715269307,7.244169091580239e-05,0.0001043184561194308,7.969503823169665e-05,0.00010491396280287987,0.00010728227074447283,9.823821790213811e-05,0.00014735448090553877,0.00013124032872598526,0.00012658890594425453,0.0001280548845062231,0.0001613765777565765,0.00012333116404242183,0.0001335029825453846,0.00013058412248789954,9.315976993446882e-05,0.00011384494206609799,0.00012317537050738313,8.575792688368965e-05,0.00010306587753880928,0.0,0.00011395172383807477,6.607039809092368e-05,9.445424831148662e-05,7.228832340639078e-05,7.188525886409796e-05,8.505281138454383e-05,5.984375208125528e-05,0.0001469236098246676,0.0001388917893759715,0.00011652891829814981,0.00010913290037493399,0.00011671768427921172,0.00011749420166676294,7.471394513937395e-05,0.00012656670010589312,0.00011938546627003849,0.0001875277946798914,0.00014103517559959532,6.475275583663783e-05,6.29374693709312e-05,9.26977383745559e-05,0.00018314304276976614,8.24067819551832e-05,0.00013826380516142038
46,0.0001306336583661977,9.444021139199768e-05,9.502127621127968e-05,0.0001245749000078871,0.00016167751537970486,0.00012810790672381528,0.00014647536986593377,0.00012297540948793997,0.0001543928461515978,0.00013766832691975122,0.00011618820053874412,0.00011542004023642909,0.00012586942274184142,8.812711954043178e-05,5.736027738249222e-05,0.0001396551605887553,9.323588254250943e-05,0.0001463559715934004,0.0001012612902810895,0.00011425869819997569,0.00010979378716277371,9.78881322120599e-05,0.00012724157217628603,7.322020282531928e-05,0.00020763764579424598,0.00010991726325985738,0.00010008797461481438,8.29873541402081e-05,0.0001381324942098151,0.00014498455271826693,8.45150549279155e-05,0.0001361048997876128,0.00012642211493613356,0.00012116506319667785,6.512087494839149e-05,0.00014353222355094325,7.997710247762472e-05,8.013872148132162e-05,0.00017983549563792538,0.00015840736166496726,0.00011074674979684297,0.00010284020398958072,0.00011640647166664122,7.801427462660478e-05,0.00017718960528711865,0.00011150392064889319,0.0,0.00014479841677883924,6.408961341939075e-05,7.224957955840888e-05,0.00011353270538849756,0.00010312054092957498,0.000122374129636989,8.376094760460303e-05,0.00010218642827157505,9.853331538105938e-05,5.489028429294514e-05,0.0001614912442279106,0.00016690942823667534,0.0001089209666381415,7.179549571764028e-05,0.00010265859780125883,0.00010108008605050928,0.00014968670327500003,9.796674108062954e-05,0.00010324522614812023,8.101968072860875e-05,0.00010372062733164581,0.00016234876701107416,0.0001858423535608128
47,8.598635526965926e-05,0.0001464691630935515,0.00011926715533017995,0.00015262741033787082,8.523267534966619e-05,6.889399782296951e-05,0.00013884077142119246,6.340227227378006e-05,0.00012201336513219691,9.755789225053123e-05,0.00014371210094840173,9.311228383627474e-05,0.00013606920378297986,0.00012033067730346517,5.616181905310171e-05,0.00014875369046031683,7.406267674962319e-05,0.00013138347778902652,8.823468277909822e-05,0.0002044374561471132,0.00010656592507006248,9.122412727172971e-05,6.995480486105254e-05,0.00014956303800873588,0.00014739127414708145,0.0001547148043967505,8.225217075715769e-05,0.00010794424812552861,7.51616036778633e-05,0.00017391255475060998,0.00011592664907537827,0.00010626272093596324,0.0001746206429667891,9.657477407227636e-05,0.0001322149720327801,0.00015911089787410524,9.711004033566733e-05,0.00012939473806678514,0.00011135490847061977,7.563270489192219e-05,0.00011990721639920924,0.00010702444626558748,0.00010829739919593077,6.443318308557368e-05,0.000191489410210259,0.00014663516268350831,0.00010012073850501502,0.0,0.00013834663961969818,7.699556838446038e-05,0.00014160024274942635,6.125377402259284e-05,0.00011301598498450105,7.510840319020336e-05,0.00012173984075136226,0.00014741885838922224,0.00010293830007720005,6.290803018791235e-05,5.882034804880259e-05,0.00014984021583338986,8.769064433395172e-05,0.00014840521207517394,0.00010267327994993533,0.00017305862954768774,0.00010239329418946587,8.145924541158566e-05,0.0001263615505678542,0.00013845875063387265,9.495884336366132e-05,0.00012958419998136182
48,0.00014872537747933487,7.415041790640755e-05,0.00013213720433013102,0.00013034585392908117,0.00023473397593347083,8.71776868118921e-05,0.0001852546887044091,0.00013849122692621577,0.00011134153121130944,8.925158869625054e-05,0.00011642302969589978,0.0001470799662547939,6.831574601806048e-05,6.189008789719268e-05,9.782122851143559e-05,0.0001111103428465978,0.00012239560896104158,0.0001100225591607089,0.0001500196917103208,0.00010514457727692954,0.00010400575568418826,0.00014962189885855048,7.035611936679312e-05,0.00010217702778716053,9.896641584085126e-05,0.00016751631505136001,9.246486410481074e-05,8.422010205627885e-05,7.714113705565442e-05,9.37620992913682e-05,0.00011769794970798415,0.00017505935264521704,8.741643754994932e-05,9.162186115087505e-05,0.00010539467793380572,0.00010394998837486236,0.00012603758579447615,0.00011127688961905608,0.00016107293037123774,7.715277150550248e-05,7.139152538301091e-05,5.890322025078398e-05,8.946836147311883e-05,0.0001547321487522428,0.00012394468349504194,0.00011980229400183513,7.694067114510995e-05,0.00014110654318769141,0.0,0.00010546364560226548,8.25378208326954e-05,0.00014145656844955867,0.00011683342480670385,7.256990024901309e-05,8.439293086438166e-05,7.193314437776143e-05,7.770513838090815e-05,0.00012095361284785633,0.0001647592199422642,7.775993000614485e-05,0.00010294971554154895,9.078698578996132e-05,8.749103257300168e-05,0.00013287646129655586,0.00010617764217321973,9.462068259496109e-05,6.972380824180417e-05,6.971308947383337e-05,0.0001445919362244274,0.0001804096079527745
49,0.0002277371273116444,0.00010998078035886465,0.0001240607651752682,9.397280261079866e-05,0.00010134072902759993,0.00010056728692568005,0.00018972408382062538,9.767040463915373e-05,7.514898616929939e-05,0.0001319439964665693,0.00012149695597312425,0.00017378709499070636,5.973938150219972e-05,6.358157057787396e-05,7.644922757369046e-05,0.0001158432291165447,0.00013027718397772928,8.903462020107825e-05,7.142856080437515e-05,7.362008086709997e-05,0.00012859184287990043,0.0001358283854653932,0.0001965620296824156,6.462295681707981e-05,0.00015299556637671726,9.952973295376976e-05,0.00013294535775139598,9.819662662785734e-05,0.0001244281392457875,0.00013300327403907217,0.00010138949635997805,8.832963813853155e-05,0.00011210044269169557,7.264001937486983e-05,6.564473026821073e-05,0.0001388760803094601,0.00012520836479627755,0.00012374099670397644,0.00012290229224847557,0.00013861538876690948,8.34947006518345e-05,0.0001428658771032098,8.212389828797478e-05,0.00017283606368114559,0.00019900238070005098,8.477564738630933e-05,8.038952898336519e-05,0.00012582839182307954,8.649690879364672e-05,0.0,8.524337994798231e-05,9.411270099197602e-05,0.00014606879224905896,0.00019864499367680798,9.244600041527407e-05,0.00011315823142625899,0.0001254222752720362,0.000124823435681022,0.00020476550560074078,6.683834426487313e-05,7.888250151220521e-05,8.609426013807951e-05,7.110258339916441e-05,0.00011054180341592087,0.00010601443057807087,6.856985271779212e-05,0.00010125361536108021,0.000138184279173412,7.580982854898416e-05,0.00016855570254711662
50,6.904262672455282e-05,0.00013739483506448058,0.00011468884545202028,0.00010425817319527495,0.00016616010447380254,7.646648975434607e-05,9.466799187281936e-05,6.623384775480386e-05,0.00015098453614849637,0.00010213633590095652,7.124021032519535e-05,0.00011351679690748759,0.00011563263869963187,0.00010817973098492696,0.00010658940294953125,8.536578109198765e-05,0.0001399808780013697,0.0001318558109466961,8.771337353037761e-05,7.62989313753031e-05,0.00011514118003553169,0.00010762710885367274,0.00011092458305048804,7.124643313692824e-05,0.00011411696953510838,0.00012986087272085257,7.435704961700012e-05,0.00011581300258984576,6.248721712756549e-05,9.580362258084073e-05,9.188224461027969e-05,0.00016351067261598836,0.00013158093238726482,0.0001003947296906332,0.00014555620966425715,7.8514227998093e-05,6.930205885253276e-05,0.00015065089464320246,0.00011198536643144762,9.279298328716327e-05,0.0001498082722572502,8.191048434123226e-05,0.00014833573909199952,0.00012477003581245198,0.00012694858303873504,0.00010516019229167115,0.00014165308995555453,0.00020386190255601875,0.00018390847581450053,5.9869388888723143e-05,0.0,0.00011742452080580292,0.00017813427496756796,0.0001309575372005873,0.00012715877861582103,0.00010709423482621117,0.00011971518325590817,0.00010653685915725891,9.207568731194946e-05,0.00017986019134533837,0.00012425900474097393,0.00016835061830084553,0.00017748836077603533,0.0001420151990111066,8.500936363746951e-05,6.642044236624195e-05,8.606213623086813e-05,8.120331084584777e-05,0.00010723451778320106,0.00013700825193427868
51,6.557696874656723e-05,0.00011598535856418347,0.0001357510642801639,0.00016785261835372282,0.00011527112388581911,8.620116606376687e-05,0.00015741060822941526,0.00012843709356931017,9.508834014764114e-05,8.963379201421627e-05,7.274924131245952e-05,0.0001370908748015201,0.00015990449397104527,0.00011241337516288493,6.142851634899055e-05,0.00010511685319503332,0.00010244452046897224,9.11083862049101e-05,6.211035841938461e-05,0.00012979034673339136,9.346220654318165e-05,9.074005879468352e-05,6.275195292003979e-05,0.00010395108774521833,8.258296120770104e-05,8.165506613517613e-05,0.00010490595219962075,0.0001383795579120777,0.00014458112674485787,0.00014727242838404278,7.482261837206996e-05,0.00010713364683802411,0.00017249613160614334,0.00011269821340625233,0.00018070594145588173,0.00013683175682001702,0.00010144377744105905,0.0001037396147998805,0.00015841756042583326,6.667066581250877e-05,0.0001380734300703537,5.6646336411170845e-05,0.00017801944672386994,7.678295562054843e-05,8.894849905496576e-05,5.6758413652044104e-05,0.0001530126673629162,0.00013776640999234955,0.00019096611684308055,0.00012188359016451628,7.427626484007829e-05,0.0,0.00011783785442106469,9.791960278728372e-05,6.528012417172263e-05,8.856685306263662e-05,8.858462644619839e-05,0.00014669389116587443,0.00014199563504228597,0.00010447384472192294,8.618567095855108e-05,7.441218635193256e-05,0.00011489299294297373,8.796807310321079e-05,7.655379188422133e-05,0.0001249108807009731,0.00016476833387389994,0.00012138381777380236,0.00016765905750278272,0.00017850228648753403
52,9.884347475754365e-05,0.00012940140880467462,0.00010817662169782746,0.00014661414696381068,7.389026305340401e-05,0.00010852483124768885,0.00010347895518342917,0.00011202001266638391,7.732713389682028e-05,7.077279957001273e-05,9.646613494463903e-05,8.196588703360403e-05,8.216424185961692e-05,0.00016470021242582733,6.235994903221355e-05,7.502574258608837e-05,0.00012779956170480179,0.00012600070555202173,9.889584840975276e-05,0.0001240669948455056,8.1557769115768e-05,0.00010671873590992843,9.45928670844635e-05,0.0001509911877268565,0.00013298176298891725,0.00012162504239807235,0.00014268353750832884,0.00018385088155299938,0.00010480874862619064,7.914280310684613e-05,0.00010724722033657217,0.00011770655748569259,6.772664072685056e-05,0.00010666264667250381,8.40044462198332e-05,9.586944738480467e-05,9.087537811326098e-05,0.000154770116713579,0.00012899776023568327,0.0001122223526814915,7.904824385258626e-05,9.885546209858433e-05,0.00011331172862642348,8.675956002658701e-05,8.874227981282644e-05,6.539728589073575e-05,7.823633666726038e-05,9.721473328301907e-05,0.00014873313345443282,0.00016206776828185524,7.999785972418891e-05,0.00010190186796981297,0.0,8.69531257058965e-05,9.617898303590474e-05,8.262978414732678e-05,0.0001306172827390365,7.842614373746847e-05,8.762655919338099e-05,0.0001238307254603073,0.00010913905556280588,0.00011650562249099436,9.426681259186586e-05,0.00013281784040853665,0.00012128016441931454,0.0001349218371043636,6.490111120756991e-05,0.00013378172395718427,0.00011045268883023465,0.00012446089197097919
53,9.616119958103501e-05,0.00014862051114340578,0.00013084501078323006,0.0001351971080355041,9.39148183468293e-05,7.463849893802695e-05,0.000142328221878739,0.00015433490485659108,7.893541552394146e-05,0.0001185850765126505,8.731652602785321e-05,0.00011161819761638361,0.00016524969226868898,0.00011386562359022687,7.230263012862719e-05,5.795255617056943e-05,0.00011315117393227429,0.00011281014868411535,0.00010912654413814874,7.087467709002549e-05,6.489005696731794e-05,0.00011455975896742465,7.088357740189701e-05,0.00010803433751320304,8.70863019039347e-05,8.770521726703523e-05,0.00014202951609658529,0.00013237226671093945,8.546930446510159e-05,0.00014116733732132095,0.00016198396436633444,0.00011393421698201735,0.00010377451490768486,8.618536866777685e-05,0.00015571248561072632,0.00010932970947345481,6.583465052682256e-05,0.00010674133998445578,0.00010098035367744547,0.00014440518786688515,0.00017894429511044384,6.590890663196302e-05,0.00010644417635554734,9.004066513646602e-05,0.00015670146265687736,9.69492881524732e-05,0.00012784044721668786,0.0001184595157429883,0.0001103762476925463,0.0001492516734053055,0.0001299666065849944,9.259006612899771e-05,9.442988754013077e-05,0.0,7.882031966510051e-05,0.00019470623222860584,5.726388112744741e-05,0.0001609836230889951,6.778314759180454e-05,7.405905935254312e-05,0.00010161929775069029,5.9271326780539045e-05,0.00015383402554457182,0.00010164127022809097,5.957532161938588e-05,0.00014648692039239428,0.00010818956682026305,9.454489250171622e-05,9.827182607137436e-05,0.0001618312230455031
54,0.0001834848736561729,9.707862120612485e-05,0.00016894652849618364,9.75976897065571e-05,8.54808683267233e-05,9.698735627030376e-05,0.00014102403338922103,0.00012779812044446615,0.00020051893949496095,7.52802523885886e-05,6.107048560291127e-05,0.0001562065175499201,0.00017183181651475235,0.00016654534713608828,0.00010203527571185357,0.00010607861148195007,0.00018010054501581876,0.00013434056366467325,8.440496858378012e-05,0.00011275706491860286,6.56908388236575e-05,0.00012464272729807905,0.00011332109747225882,0.0001213267892916788,0.00021061395383602865,0.00020326911648498594,7.242077873492359e-05,0.00010074360287902636,0.00010398367610587373,0.00010996089790371117,0.00016525316065354317,9.161592993295068e-05,0.00013398508855432648,0.00014435042254896805,9.331219442050243e-05,0.00011273142542695656,0.00010575282779483554,0.0001220691641087857,6.903000376848054e-05,9.176876625750674e-05,0.00016761120034005901,8.840099445844428e-05,0.0001302250875727839,7.620625851292437e-05,0.0001058072863084669,0.0001347766691563077,8.500564614577129e-05,6.391565912587968e-05,0.00013864711165631453,9.648664028543547e-05,9.382470677006743e-05,7.304742635255956e-05,7.852098752209027e-05,7.924243992409434e-05,0.0,0.00012211654400084662,7.664245624693875e-05,7.538699940531415e-05,7.347658572066885e-05,0.0001051643351347586,8.91015054300143e-05,0.00015924622122661587,0.00013871180160268177,0.00010400058849342331,0.00014711965499574728,9.607634647688137e-05,0.00010630304157157999,0.00021556808029687271,8.108197208905542e-05,0.00012153604864580609
55,7.84826034043468e-05,7.091474980431918e-05,9.21579412873267e-05,9.879050607116045e-05,0.000158224958593782,0.0001251212443773859,0.00013175682745330736,6.589006156539442e-05,9.8963590059055e-05,8.091589999636444e-05,9.337906926023508e-05,0.0001262398459267482,9.393010398449353e-05,0.00011377195416055179,8.803269956962521e-05,7.929322253053861e-05,8.664913495566706e-05,7.526891756862552e-05,9.827348928029057e-05,7.530743125736753e-05,0.00010207640753347615,0.00011119893874404848,0.0001229002150212402,5.9899467074204085e-05,0.00010811387367812411,0.00011708008071385065,7.404467957975732e-05,0.0001745242547937134,0.00014945155699888722,0.00016456233045759902,6.816170922377536e-05,7.303994434819786e-05,8.015977070681234e-05,0.00010473687699783066,7.473578144639501e-05,0.0001739654277672231,8.600955765025012e-05,0.00010929452719026109,0.00014340871409391516,9.066799254657475e-05,9.343080955952241e-05,9.839276294781388e-05,0.00018151395144215158,0.00014085837881940827,6.825947100212308e-05,9.151845770522771e-05,0.00012659548272245873,0.00012863810294075128,6.703644762771192e-05,0.00015255489233953929,6.794164296200116e-05,0.00010039630953109976,0.00012104222032222975,0.00017016500221596483,0.00017027187864237592,0.0,0.00012476086705707682,0.0001214993504882094,0.00022708557933972848,0.00019970398428415206,0.00015712497916175813,8.891717191302096e-05,0.00018334528161900314,8.261754398026688e-05,9.307447448885974e-05,0.00010333161927511875,0.0001468881092321703,0.00010276013052962973,0.00015869608941773466,0.00014811443935793442
56,0.00013805133026018127,0.00019550496452863645,0.00013757920722273572,0.0001815132278515071,0.00013843598234514743,0.0001257193986684858,0.00011785584020189082,9.176385834497337e-05,0.00011544742360239298,0.00010645289715956887,9.76814345702945e-05,6.651947477781627e-05,0.00011437605033430007,6.872661454871047e-05,7.303456885095437e-05,7.63886185415618e-05,0.0001192399860345041,8.388450698050066e-05,6.66559581712097e-05,0.0001205119560807597,0.0001072765484156415,0.00014324154593228124,0.00011464863736193014,6.0023543652249796e-05,0.00014039845122802865,9.582709989988822e-05,0.00010283336071895565,8.224569466004407e-05,0.00012262823752833698,0.0001745098353019031,7.039038566054635e-05,0.0001823688403618823,0.0001996568762760249,0.00010242801786447569,0.00012954860903557645,5.787048831327665e-05,8.480277335770317e-05,0.0001624115298263959,7.335099187892037e-05,0.00011465955820024005,0.0001573014711995474,6.0221670978770875e-05,0.00012392525411678213,0.0001649009744270915,0.00011894100599807355,0.00012402318302834968,9.032322674261192e-05,8.942453154485227e-05,0.00016356781411397568,0.00012208224290798732,0.00015080031890884636,0.00011567792336436798,0.00017206198168484107,0.00010299756175457191,0.00015496178238780093,7.88626677035026e-05,0.0,0.00012990290944698448,9.867852725739987e-05,7.67528872951594e-05,0.00010523289008643267,8.776834229955851e-05,0.00014309346549300396,0.00010457582531947423,8.331861350792245e-05,7.547228812894663e-05,0.00011474431994547946,7.279536528722173e-05,0.00011694074276404652,0.00011523409493108039
57,0.0001437993315987213,8.326633259545484e-05,0.00017735026929561096,0.00017486464129654912,0.000101143323166581,6.888743601121752e-05,6.715955685877644e-05,0.00011253165249211795,0.0001301917200151779,0.0001472415763983043,0.00011719945362059253,8.558907358814159e-05,0.00012724209744198621,8.306521197199794e-05,0.0001320189036027511,7.872519756165415e-05,9.40759131412137e-05,0.00010933793746988938,0.00010818526400400284,6.368699295370835e-05,0.00011446192490552042,0.0001240475839647083,0.0001278332509674753,0.00011131922182313489,8.802521114927815e-05,0.00011381874888410258,7.602523108424763e-05,0.00013465582000944312,0.00011470528548531889,8.876955458721936e-05,8.232195671989212e-05,0.0001301134459424058,0.0001048176935318602,0.0001249098828013489,0.00015259032931528964,9.023844444174222e-05,5.9737887846059084e-05,0.00012313974344115353,0.00012326061687655926,0.00010548631696145808,0.00011606968678796184,0.00015910860568495302,6.418314117031101e-05,0.00013565497702906963,0.00012029773092792234,6.816526431608109e-05,9.713942382095028e-05,9.934334479960712e-05,0.00013441229836449298,5.4457690403388455e-05,9.079803887606936e-05,6.706323432339671e-05,7.76438093975413e-05,0.00013656359730077227,7.09573965275481e-05,6.0360864486574826e-05,0.00015713878265703562,0.0,9.77073405411725e-05,0.0001840834661147451,0.00015975055826816312,0.00013863221164504017,0.00010742734289123243,0.00017068264792406525,8.891044270202151e-05,0.00013142124895497415,9.399538771900775e-05,6.664407651704378e-05,0.00022289795855088366,0.00012483639600729897
58,9.38703657104458e-05,0.00015511091141951467,0.00013173359216728012,7.891968057986714e-05,5.8206113559735865e-05,0.00013936241406191773,0.00010968358609508284,8.17507342559093e-05,0.00015308705914456974,0.0001277961943408279,8.794935139951697e-05,0.00019673987815834994,7.07786267227503e-05,8.763252721118866e-05,8.247022313320687e-05,0.0001251022745230554,0.00011153995373150331,6.463151873062376e-05,0.0001727489729525604,0.0001042548522854059,9.14658254471492e-05,0.000115478079454751,0.0001450738660598997,9.495220026108023e-05,8.295083096746282e-05,0.00010378492856662268,5.971604038585901e-05,7.978717106975905e-05,0.00015290978607193043,9.14117298449697e-05,0.00021881960395158406,8.15297766931682e-05,0.0001334514036071938,0.00013954343233882647,8.100382956964381e-05,0.00018484560016058616,0.00011520750790721231,0.000137590575360199,0.00013206743662763347,0.00012523134369924317,0.00012730033149069514,0.0001316537730299706,0.00011281146480935485,9.823424627625229e-05,0.00013511023826104826,6.80481095102332e-05,0.00017170785167566394,0.00011482745843066365,7.168948839372634e-05,0.00012061068266517653,9.87176761319567e-05,8.271967484229747e-05,7.66894684224195e-05,0.00017348142204818325,0.0001378659172898134,0.00014265536950399044,0.00011457936268606547,6.589718627263388e-05,0.0,9.091606407038147e-05,7.98451572248598e-05,7.05379204683816e-05,6.96870020338864e-05,6.924319422196132e-05,7.78461478045657e-05,0.00015341235868794598,0.00017861268378785533,8.672860054506131e-05,0.0001736569114224592,0.00013295009651492095
59,0.0001381379466201476,0.0001104165015490078,0.0002027281378817955,0.00010515095461164514,8.575254189004496e-05,0.00018395377048247095,7.891161263418774e-05,6.862527575857396e-05,0.00010949828072204225,7.723694240398291e-05,0.0001449647219726065,9.655840806369326e-05,8.757580184809782e-05,9.985159515485291e-05,0.00011739392736611097,0.00010838159584217577,0.00013220324673808004,7.269832850162246e-05,5.990943572533351e-05,0.0001264231455082694,0.00010810478923478684,9.505065039240702e-05,0.0001392774665590417,0.00014422200799119769,0.00011847664288875388,0.00011154272506627893,9.13804933101359e-05,0.00012567506874041243,8.754414702013035e-05,7.473224584802477e-05,9.473578969788387e-05,0.00010518147783439698,9.055826967312214e-05,0.00010147991818088558,0.00011427388002334072,0.00014708902926968673,7.112620162656125e-05,0.00010478768707636698,8.150022213391368e-05,0.00011101312568809339,7.586751217007568e-05,5.833477737225981e-05,0.0001172524981479577,7.153808145446732e-05,0.00011572115580223225,0.00010308166309866498,0.00011260396316798393,8.82656216265123e-05,9.974051497057019e-05,8.19058714308478e-05,0.00013544971198243652,0.00015620939655916355,0.00012815678458303874,0.00012809351882854018,0.00012212659790045366,6.812686873463904e-05,8.808923654792189e-05,8.102286492080582e-05,7.396348588440485e-05,0.0,0.0001366612812505393,9.928320197282134e-05,8.733845164120197e-05,0.0001137234237639363,0.0001123943973476689,0.0001265930305293865,0.00011506768939115968,8.668428440324555e-05,0.0001263100697914096,8.193608678349366e-05
60,0.00011994384921670851,0.00017425518343597467,0.0001336512444854169,0.000135082988372703,0.00015477911972707875,0.0001045530965113487,0.0001055305278352122,0.0001343330369111718,0.00012815121356841112,6.254273400624322e-05,7.234766866940834e-05,0.00022724008141208614,0.00010290989521649455,0.00015894210662411259,8.576740704365905e-05,0.0001358718053082991,0.00016445003075998618,6.28190409572993e-05,6.164715655903962e-05,7.017891798806513e-05,0.00010548211399507787,6.35104555932073e-05,0.00014567075882387925,8.523862521601402e-05,9.96507320469169e-05,7.59001183861445e-05,9.980400463513449e-05,8.708113071047531e-05,6.858446335865419e-05,9.901434510292062e-05,7.642876522009453e-05,0.0001011756235052815,9.048230292431425e-05,9.311632632660518e-05,0.00010792500203454184,0.00020931316826793128,0.00011929606093313985,0.00010046130094919728,0.00010115111532340148,7.111733217563607e-05,0.00015889738485156456,8.081174610828547e-05,0.00012775986299424873,0.00016705390156577957,0.00011863102896395379,0.00013393048344068547,6.716093964895214e-05,0.0002151786692096756,9.180273654035872e-05,8.772922478944754e-05,6.605312548607371e-05,6.31845064326732e-05,0.00012276801051694987,0.0001388637095110041,0.00015235643418513538,0.00012295472521569434,0.00012342434354075697,0.0001181505035705293,7.723633918674296e-05,0.0001441834649747044,0.0,9.463959681505774e-05,0.00024375561587403313,0.00013437315677796203,0.0002114821552572691,8.589374657872802e-05,0.00015912007988459244,9.203968406448955e-05,0.0001440368467543249,0.0001719244855460813
61,0.00014152964129330713,0.00011297446125513312,9.04740601905058e-05,6.640692145532497e-05,0.00010471827724675258,8.219736919261189e-05,0.00015518418396605118,7.505936165440377e-05,0.00011096056630909559,0.00012134623196956099,7.004762953570792e-05,8.099960147904116e-05,0.00010564817679293008,0.000123061413365155,5.9333335655680336e-05,0.00011138466843475456,6.568868090587644e-05,9.153065939795791e-05,0.00014491467164724233,0.0001260115380943872,9.892292113486824e-05,0.00010232171165126113,0.00010155250452652382,8.259921504312789e-05,8.278786469220849e-05,8.644660593382358e-05,8.464217134878863e-05,0.00011734665704436915,0.0001012502956888048,8.978484567994189e-05,0.0001496237321721399,6.767746872507517e-05,9.010833325238456e-05,7.454240880329721e-05,0.00025720692850741777,8.507617647648571e-05,6.592662731381207e-05,0.00011455300597647683,0.00018630757532315137,7.21183300318691e-05,8.94856166907432e-05,8.877020689353742e-05,0.0001241964768484311,8.194313881323562e-05,0.0001619572672218519,0.00013782234886024178,6.805532777306556e-05,0.00014112729154383633,0.00010253954708743144,0.00010081651355344793,0.00012113482993020739,7.866489080526346e-05,9.236677835301014e-05,0.00013799423519490205,6.931878833921004e-05,0.0001744740076174591,0.00013166298432827752,0.00010503926922845016,0.00011053701703033256,0.00010647818572226623,6.80640932133217e-05,0.0,0.00011125949795972703,0.00010608268140949807,8.603011946077304e-05,7.993084999845021e-05,0.00014079607115692115,0.00010062652729129257,8.279723664825667e-05,0.0001017383182835694
62,0.000183398927405961,9.38372035154317e-05,0.00010523686725777763,0.00012517290411639633,0.00010238618545739054,0.0001627527958958758,0.00010332207870950748,0.000129248281020095,0.0001608408359751663,8.543700130158864e-05,0.00019343058768238916,0.00013523007820427107,7.895606485369783e-05,0.00011781399664267243,8.012551102604845e-05,6.907818819310681e-05,0.00011092303505785745,0.00010276481509985246,6.978483631415018e-05,0.00010807619443063054,0.0001162178556688512,9.365348989702467e-05,0.00011188076201108251,6.256564427167439e-05,0.00020078463966209317,0.00019505164291488215,9.272490083206614e-05,0.00010783961482127429,8.300796492784206e-05,0.00016535261644398536,0.00019364219229053153,7.074331036705089e-05,0.0001046861083404414,8.986173226973046e-05,0.00013104733077937077,9.54067331245174e-05,0.0001071823708187711,9.628008743432782e-05,0.00011175607589110673,9.432369458277851e-05,8.39508233221229e-05,7.628435528341485e-05,0.00011786383518052509,7.618491542010134e-05,9.426918599696281e-05,9.257055953699008e-05,0.00010028680900993887,0.0001134323773107898,0.00012963702423389402,0.00012376783747960067,0.00010423418594675932,0.00011227117051024871,6.00234320013736e-05,9.381447358833521e-05,0.00021550206530693836,0.00011049545313529868,0.0001290384870557021,6.796574787846909e-05,9.787621444621576e-05,0.00012910765791503552,0.00014246052953414243,0.0001325231484090068,0.0,0.00011870276816702403,0.00016463138678554976,0.0001205738701075105,0.00020412892083872345,0.00010109322794251621,0.0001987376581334213,0.00013670323209185199
63,0.00012610759301521745,0.0001210132275599777,0.0001184700708099353,0.00013776775347279494,7.456385856020809e-05,0.0001133465751699086,0.00011400281799912227,8.147195789306923e-05,0.00016404705650905168,0.00014504304964770066,7.499817162499245e-05,0.0001520381678421213,7.409489998996625e-05,5.8023181534256076e-05,9.790190790675803e-05,8.141825814524014e-05,0.00010031496204617042,9.50870480681862e-05,0.00014482477079067323,0.00010638661730707654,0.00012378422303690122,0.00013040202633459564,0.00010587600692228608,8.206076909016354e-05,0.0001401226296987011,0.0001286956134956898,9.602831407213415e-05,9.657677948926829e-05,0.0001247355112200111,9.830821368152441e-05,0.00010190367339414736,8.66065324738157e-05,0.00014404034312137166,0.00011740348167346274,7.799750392140727e-05,0.00013090460088910992,0.00012619551102256932,0.00015833455981992083,8.274525647350989e-05,0.00012012489631987946,0.00012202492798258834,8.263258389470113e-05,0.00014239707560569602,0.00012068158424527333,0.00012266610923514015,9.674576813576723e-05,0.00012736885061399907,7.307009002269594e-05,0.00013154604693652882,7.38123429283214e-05,0.00012526817169395776,8.32785318059157e-05,8.016905939340176e-05,9.178500804212091e-05,7.773893867100341e-05,0.00011997514440263105,5.8687281655299726e-05,0.00014441025084954717,0.00014855793470568485,7.554824204546032e-05,7.553804291000946e-05,7.280562419198722e-05,6.775521337134471e-05,0.0,7.118996221577997e-05,0.00012431695452695834,0.0001064355355458035,0.00010471886464076409,0.00015550945090423741,0.00020125990989156733
64,7.080255551738387e-05,9.130056356177892e-05,0.00016439058474400855,8.016083584479417e-05,0.00012534976798350778,9.162234237753669e-05,0.00012916089956819632,0.00012060563000478322,0.00014222259117623888,8.903690163604974e-05,0.00010565416888873373,0.00014489321061150808,0.00010258317673240715,9.254843947050633e-05,7.994705417719149e-05,0.00011084998286484815,8.032003363267675e-05,6.994321580052929e-05,9.171930285077401e-05,0.0001643136321349787,8.732365936088018e-05,0.00012694189674442095,0.00015858852836127154,6.313135155969438e-05,0.0002027948346745062,9.654648601540463e-05,0.00011578519572823356,0.00017476920154021477,8.054732399285285e-05,0.0001634717919125533,8.213012546910527e-05,0.00010001720336394541,6.159751441916544e-05,6.292865092483551e-05,0.00016624897178130375,0.00014012696608747705,7.516275594593573e-05,6.67578135184207e-05,0.00010780947615340541,7.987575594452759e-05,8.919444107615253e-05,6.823483819808807e-05,8.037232472103028e-05,0.00011100879856202668,0.00018345014888090415,0.00011703338622052571,9.624001097254124e-05,6.512447146083136e-05,0.00015512197260028303,0.00014303154532815333,0.00011457605966027857,9.267637420138397e-05,8.340033717317434e-05,0.00013902369683360186,0.00010085720835762526,9.980576091550158e-05,0.00018264821649063511,8.227781897755801e-05,0.00012894284084231873,0.00014988643964924212,0.00014310923327029787,0.00010054228810361769,9.954133033364884e-05,0.00015916243623939809,0.0,0.00012527260383869552,0.00017095402374216821,0.00013790644994937808,0.00010596578172930146,7.437227115024321e-05
65,0.00017335616539176094,8.095751061754979e-05,0.00014525280920676484,0.0001342695239500272,0.00012019633738950137,0.00013796104628461503,0.0001325563135699795,0.00011953337122739227,0.00013630367627963077,9.398125209538539e-05,7.54113052581893e-05,8.6159679810342e-05,0.00010959904810004839,0.00010863039803150087,5.4612846320242875e-05,0.00012622579230685385,6.867145994493997e-05,8.503061967458777e-05,0.00011876582627737655,0.000121540932106806,0.00012291919803601983,0.00011397384682764524,8.190883949236265e-05,6.236209074467589e-05,9.436215695166849e-05,9.43510624950029e-05,8.508108780380411e-05,0.00010907081803944179,0.00010649650930980317,7.053930891551349e-05,0.00010919588023576258,7.583102127864692e-05,0.00012482504787141347,0.00010233854902907566,0.000182422491780578,8.784956977131572e-05,9.165703134835416e-05,0.00016096684229657178,8.89208973351609e-05,7.679569669488028e-05,0.0001500936689502266,5.0297398485736036e-05,0.00017409873468014756,6.490735621612744e-05,0.0001240806231504477,9.83023776954204e-05,0.0001278589936777134,0.00013858074968479722,0.0001047048630522883,0.00015114549952662193,9.400570669155909e-05,0.0001025455430682928,6.941812246658752e-05,0.00010920769988428024,9.284900489266286e-05,0.00012885323059819704,7.962265766199335e-05,0.00010400987049952759,9.538733720365721e-05,0.00014454143816764262,0.00011105396148907572,6.36195143730848e-05,0.0001397696225107897,7.392100989846909e-05,9.680970029924156e-05,0.0,0.00013974312218580762,7.768866686505216e-05,0.00012328478027547396,0.00011206371225890577
66,0.00011703694820248628,0.00012819154193272474,0.00014335843978098307,0.00016002033133045589,0.00018100266157959158,9.531361817178653e-05,0.00012721527989159232,6.288584487285065e-05,9.271909259250557e-05,6.779763559596811e-05,0.00011441326397695812,0.0001263086203901026,8.22707433186606e-05,0.00010241010015397403,0.00012268091761509568,0.00011247409283347422,8.533261029626482e-05,8.835417059146039e-05,9.813593754479864e-05,0.0001230792690490495,0.00013367237699364755,0.00012667750478756803,8.687400092179749e-05,8.099800656967868e-05,0.0002041323819977612,0.00014867500201067678,0.00010376951184521732,0.00016270529357673556,0.00011078670720614565,0.00015002560222236798,0.0001531333369223263,8.41763986784716e-05,0.0001320245047616673,0.00011338299535826785,0.0001608606863376912,0.00015580624367017654,9.324944590908815e-05,0.00011646066023207927,0.00018019933968027607,0.00015691775658143687,0.0001390088921109101,0.00013935512872752535,7.8603360585467e-05,7.108946946695413e-05,9.350581695323066e-05,0.00013558664461504405,0.00010549782820470513,6.482648167310946e-05,0.0001154261612470347,0.00013040197168205097,0.00010573292766654255,8.331868635845002e-05,0.00011318352755216567,0.00011791608030450755,8.748166250618939e-05,8.847181588036437e-05,8.408236500503443e-05,0.00010695801370828428,9.421099118911084e-05,8.363229785136993e-05,6.543951859834043e-05,0.00014785227381605408,0.00012945499347111292,0.00015246543361712738,0.00010294359215941926,7.69187447395103e-05,0.0,0.00013812348435424818,0.0001326062120895369,0.000134472524776992
67,0.00012195008203585726,0.00016554729274856721,0.00010336038837107038,0.00011303223087839836,0.00015905779273952378,6.724214385765588e-05,0.00013488314720090324,0.00012975651822551154,0.00013804397220791323,0.0001626554674402369,7.050550287394842e-05,7.524096262886721e-05,8.835577255852826e-05,0.00010242041832022332,7.712301342634532e-05,7.937517913457369e-05,0.0001069671891873532,8.5984287419351e-05,9.143315714186693e-05,9.43406438809179e-05,9.130333250983999e-05,0.0001401446142546725,0.00011749941614237968,0.00012125453226751626,0.0001315797341168582,9.02408606435864e-05,9.496810969003063e-05,0.0001560086171947846,8.511707577901077e-05,0.00018114003549750713,0.00019558863581813361,0.0001532847756720413,0.00013755084379038138,0.00010927198934376359,0.0001077205960121226,7.780022956357134e-05,6.15155812328317e-05,0.00015391842201230538,0.00011234611960995177,6.6159763181909e-05,0.00010855074948542581,9.774298339592131e-05,9.532807657691829e-05,0.00014256689297868907,8.839118918809197e-05,8.921928714833095e-05,0.00010497288523182682,8.639374352558088e-05,0.00012370417985887904,0.00011315740344593878,8.002195821529205e-05,6.295104284078713e-05,0.0001877233356778065,0.00010918038132591794,7.591672726475663e-05,9.436989338397044e-05,6.421547738837152e-05,0.00012133421599381574,7.323583592759716e-05,0.00011932453754762964,8.562578051074594e-05,0.00013618892551810075,0.0001064265123717905,7.51185678573071e-05,7.179949030668399e-05,0.00013073971748106354,6.866423387674384e-05,0.0,0.00021007316620116098,0.00019895139065774232
68,0.00018079152794306573,0.00018864321327668836,0.00015207601436369563,0.00011458561390446259,0.00015393952253873834,0.0001490203956190405,0.0001424369586551318,9.532178006051728e-05,0.0001335404164013354,7.520361005067398e-05,7.486488306900935e-05,0.00016082557799049267,0.0001849915165224954,0.00023998967391600663,0.00011572590107339891,7.718002418193491e-05,0.0001310880410229249,8.005579537056096e-05,6.955411157326254e-05,9.243311486728788e-05,9.736158474559437e-05,0.00016904783953516087,0.0001243367708446981,0.000133729500101864,0.00015470481765599535,0.00010855718805570932,0.00014064302314276868,9.985058958728852e-05,0.0001260649926968765,0.00013341189918239618,0.00014591832499130314,0.00014927099176080227,0.00012129108537575757,0.00013683337115082686,0.0001065253627427667,0.000113063340499749,9.15760133241828e-05,7.326208481047675e-05,9.684153692663975e-05,8.223158252030767e-05,7.922591713119011e-05,0.00012958626709543805,0.00013992555798161946,9.809347888540099e-05,8.621365440146933e-05,0.00011162280708324278,0.0001555155753015445,6.914060266244383e-05,0.00017470593421237612,0.00012903117921865694,7.228381260971193e-05,0.00013392315897814655,7.847772515603102e-05,9.330736356167289e-05,7.93041852209573e-05,8.570885255859501e-05,0.00014395483881919464,0.0001870502862152084,0.00010612950387807486,0.00019860423621801982,0.00019102160434528734,9.754994845650035e-05,8.900063404487682e-05,0.00013372059999355385,7.507804403721757e-05,0.00010801400045008876,0.00016464146230894347,0.00013108197166668208,0.0,0.00015232921923911803
69,0.00010155386522806402,0.00016603176083130244,0.00010262141874471184,0.0001733288723536845,9.680309524505532e-05,0.0001713828817740061,9.599212727152922e-05,0.00011116534458585576,0.00012804827620278196,0.00015416065509904665,7.137959738148976e-05,0.00010806211171897688,0.00012168335311772532,7.20443870889709e-05,0.0001264537766753194,9.868652893741973e-05,0.00011951665752195203,9.121740139117636e-05,0.0001326250572469974,8.268807754311564e-05,0.00012216926945873792,0.0001216311886884714,0.00018318681310999777,0.00011626807078164599,0.00020192450749940375,0.0001315739484743371,8.286767361729225e-05,7.903647592227981e-05,0.0001519267146260125,0.00013670347734905098,8.216535148571538e-05,0.0001362173356059768,0.0001732227108216363,9.17010701690576e-05,9.922581100014901e-05,8.177873708612899e-05,7.450577014395702e-05,9.520277931729398e-05,8.577366645066026e-05,9.459836415387938e-05,0.0001213310824370144,0.000131840793218662,0.00010109909231716955,6.708689413646192e-05,8.555375378032822e-05,0.00010090560544142526,0.00017281974011664183,0.00014351569161608839,0.00014599641388932515,9.694044439502098e-05,0.00012476901320787771,0.00013990882525249194,8.996762417416136e-05,6.384980234775794e-05,8.116061685250029e-05,9.704972718546134e-05,9.885607880241462e-05,0.00013866566772841483,0.00012596667093066956,0.00014017621954501045,0.0001984156858203458,8.652080501301426e-05,0.00019640049489492604,9.547100268877364e-05,0.00012058522519183497,7.297505466377298e-05,8.006605795670147e-05,0.0001327371562695756,0.00017784894616320422,0.0
